action_app_custom_event.fb_mobile_purchase,action_app_custom_event.other,action_app_store_visit,action_comment,action_link_click,action_mobile_app_install,action_omni_app_install,action_omni_custom,action_omni_purchase,action_onsite_app_purchase,action_onsite_conversion.post_net_save,action_onsite_conversion.post_save,action_onsite_web_app_purchase,action_page_engagement,action_post,action_post_engagement,action_post_interaction_gross,action_post_reaction,action_purchase,action_video_view,action_web_app_in_store_purchase,ad_id,ad_name,adset_id,adset_name,campaign_id,campaign_name,clicks,cost_per_conversion,cost_per_inline_link_click,cost_per_outbound_click,cpa_link_click,cpa_omni_app_install,cpa_omni_custom,cpa_omni_purchase,cpa_page_engagement,cpa_post_engagement,cpa_post_interaction_gross,cpa_purchase,cpa_video_view,cpc,cpm,cpp,ctr,date_start,date_stop,frequency,gender,impressions,inline_link_click_ctr,inline_link_clicks,outbound_clicks,outbound_clicks_ctr,reach,spend,video_30_sec_watched_actions_video_view,video_avg_time_watched_actions_video_view,video_p100_watched_actions_video_view,video_p25_watched_actions_video_view,video_p50_watched_actions_video_view,video_p75_watched_actions_video_view
,,,1,,,,,,,,,,15,1,15,2,,,13,,6913358397984,tyson_rap_2_4x5,6913347655784,FB_iOS_itoshi_rap_set1,6913347651784,FB_iOS_itoshi_rap_install,0,,,,,,,,0.034667,0.034667,0.26,,0.04,,12.093023,12.093023,0,2025-12-03,2025-12-03,1,female,43,,,,,43,0.52,2,3,2,13,7,3
,29,,,5,1,1,29,,,,,,198,1,198,3,2,,190,,6913358397984,tyson_rap_2_4x5,6913347655784,FB_iOS_itoshi_rap_set1,6913347651784,FB_iOS_itoshi_rap_install,5,,0.918,"[{'action_type': 'outbound_click', 'value': '0.918'}]",0.918,4.59,0.158276,,0.023182,0.023182,1.53,,0.024158,0.918,9.978261,10.245536,1.086957,2025-12-03,2025-12-03,1.026786,male,460,1.086957,5,"[{'action_type': 'outbound_click', 'value': '5'}]","[{'action_type': 'outbound_click', 'value': '1.086957'}]",448,4.59,22,4,22,177,79,52
,,,,,,,,,,,,,,,,,,,,,6913358397984,tyson_rap_2_4x5,6913347655784,FB_iOS_itoshi_rap_set1,6913347651784,FB_iOS_itoshi_rap_install,0,,,,,,,,,,,,,,5,5,0,2025-12-03,2025-12-03,1,unknown,4,,,,,4,0.02,,1,,,,
,4,,,7,1,1,4,,,,,,239,,239,,,,232,,6913358815984,jesus_rap_1_4x5,6913347655784,FB_iOS_itoshi_rap_set1,6913347651784,FB_iOS_itoshi_rap_install,7,,0.804286,"[{'action_type': 'outbound_click', 'value': '0.804286'}]",0.804286,5.63,1.4075,,0.023556,0.023556,,,0.024267,0.804286,10.543071,10.642722,1.310861,2025-12-03,2025-12-03,1.009452,female,534,1.310861,7,"[{'action_type': 'outbound_click', 'value': '7'}]","[{'action_type': 'outbound_click', 'value': '1.310861'}]",529,5.63,18,4,14,217,94,55
,473,3,1,123,60,60,473,,,1,1,,4564,,4564,22,20,,4419,,6913358815984,jesus_rap_1_4x5,6913347655784,FB_iOS_itoshi_rap_set1,6913347651784,FB_iOS_itoshi_rap_install,124,,0.665935,"[{'action_type': 'outbound_click', 'value': '0.665935'}]",0.665935,1.365167,0.173171,,0.017947,0.017947,3.723182,,0.018536,0.660565,8.625737,9.022913,1.305813,2025-12-03,2025-12-03,1.046045,male,9496,1.295282,123,"[{'action_type': 'outbound_click', 'value': '123'}]","[{'action_type': 'outbound_click', 'value': '1.295282'}]",9078,81.91,388,4,348,4229,1824,1009
,,,,,,,,,,,,,48,,48,,,,48,,6913358815984,jesus_rap_1_4x5,6913347655784,FB_iOS_itoshi_rap_set1,6913347651784,FB_iOS_itoshi_rap_install,0,,,,,,,,0.020833,0.020833,,,0.020833,,10,10.10101,0,2025-12-03,2025-12-03,1.010101,unknown,100,,,,,99,1,4,4,3,45,18,9
,,,,,,,,,,,,,1,,1,,,,1,,6913866605984,kendrick_4x5 - Copy,6913866281784,FB_iOS_Purchase_itoshi_rap_221125,6913294159984,FB_iOS_Purchase_itoshi_v1_set6_211125,0,,,,,,,,0.02,0.02,,,0.02,,6.666667,6.666667,0,2025-12-03,2025-12-03,1,male,3,,,,,3,0.02,1,4,1,1,1,1
,,,,,,,,,,,,,6,,6,,,,6,,6913866606584,tyson_rap_2_4x5 - Copy,6913866281784,FB_iOS_Purchase_itoshi_rap_221125,6913294159984,FB_iOS_Purchase_itoshi_v1_set6_211125,0,,,,,,,,0.048333,0.048333,,,0.048333,,29,29,0,2025-12-03,2025-12-03,1,female,10,,,,,10,0.29,1,4,1,6,2,1
,3,,,2,,,3,,,,,,72,,72,,,,70,,6913866606584,tyson_rap_2_4x5 - Copy,6913866281784,FB_iOS_Purchase_itoshi_rap_221125,6913294159984,FB_iOS_Purchase_itoshi_v1_set6_211125,2,,3.125,"[{'action_type': 'outbound_click', 'value': '3.125'}]",3.125,,2.083333,,0.086806,0.086806,,,0.089286,3.125,32.722513,34.153005,1.04712,2025-12-03,2025-12-03,1.043716,male,191,1.04712,2,"[{'action_type': 'outbound_click', 'value': '2'}]","[{'action_type': 'outbound_click', 'value': '1.04712'}]",183,6.25,18,4,18,66,35,24
,,,,,,,,,,,,,,,,,,,,,6913866606584,tyson_rap_2_4x5 - Copy,6913866281784,FB_iOS_Purchase_itoshi_rap_221125,6913294159984,FB_iOS_Purchase_itoshi_v1_set6_211125,0,,,,,,,,,,,,,,10,10,0,2025-12-03,2025-12-03,1,unknown,1,,,,,1,0.01,,1,,,,
,4,,,4,,,4,,,,,,98,,98,1,1,,93,,6913866606784,jesus_rap_1_4x5 - Copy,6913866281784,FB_iOS_Purchase_itoshi_rap_221125,6913294159984,FB_iOS_Purchase_itoshi_v1_set6_211125,4,,2.2975,"[{'action_type': 'outbound_click', 'value': '2.2975'}]",2.2975,,2.2975,,0.093776,0.093776,9.19,,0.098817,2.2975,36.039216,38.291667,1.568627,2025-12-03,2025-12-03,1.0625,female,255,1.568627,4,"[{'action_type': 'outbound_click', 'value': '4'}]","[{'action_type': 'outbound_click', 'value': '1.568627'}]",240,9.19,5,3,4,85,29,16
,69,1,,19,9,9,69,,,,,,1387,1,1387,7,6,,1361,,6913866606784,jesus_rap_1_4x5 - Copy,6913866281784,FB_iOS_Purchase_itoshi_rap_221125,6913294159984,FB_iOS_Purchase_itoshi_v1_set6_211125,23,,4.967895,"[{'action_type': 'outbound_click', 'value': '4.967895'}]",4.967895,10.487778,1.367971,,0.068053,0.068053,13.484286,,0.069353,4.103913,26.588732,26.9301,0.647887,2025-12-03,2025-12-03,1.012839,male,3550,0.535211,19,"[{'action_type': 'outbound_click', 'value': '19'}]","[{'action_type': 'outbound_click', 'value': '0.535211'}]",3505,94.39,113,3,109,1275,487,261
,,,,,,,,,,,,,12,,12,,,,12,,6913866606784,jesus_rap_1_4x5 - Copy,6913866281784,FB_iOS_Purchase_itoshi_rap_221125,6913294159984,FB_iOS_Purchase_itoshi_v1_set6_211125,0,,,,,,,,0.041667,0.041667,,,0.041667,,25,25,0,2025-12-03,2025-12-03,1,unknown,20,,,,,20,0.5,1,4,1,11,4,3
,,,,,,,,,,,,,7,,7,,,,7,,6915585772784,jesus_rap_1_4x5,6915577150784,FB_iOS_Rap_StartTrial_set1_251125,6915577150584,FB_iOS_Rap_StartTrial_Set1_251125,0,,,,,,,,0.055714,0.055714,,,0.055714,,21.666667,21.666667,0,2025-12-03,2025-12-03,1,female,18,,,,,18,0.39,1,3,1,7,2,2
,1,,,1,,,1,,,,,,13,,13,,,,12,,6915585772784,jesus_rap_1_4x5,6915577150784,FB_iOS_Rap_StartTrial_set1_251125,6915577150584,FB_iOS_Rap_StartTrial_Set1_251125,1,,1.06,"[{'action_type': 'outbound_click', 'value': '1.06'}]",1.06,,1.06,,0.081538,0.081538,,,0.088333,1.06,21.632653,21.632653,2.040816,2025-12-03,2025-12-03,1,male,49,2.040816,1,"[{'action_type': 'outbound_click', 'value': '1'}]","[{'action_type': 'outbound_click', 'value': '2.040816'}]",49,1.06,1,2,1,12,4,3
,13,,,,,,13,,,,,,31,,31,,,,31,,6915585773184,tyson_rap_2_4x5,6915577150784,FB_iOS_Rap_StartTrial_set1_251125,6915577150584,FB_iOS_Rap_StartTrial_Set1_251125,0,,,,,,0.163846,,0.06871,0.06871,,,0.06871,,21.3,21.3,0,2025-12-03,2025-12-03,1,female,100,,,,,100,2.13,5,5,5,31,15,11
,41,,,6,3,3,41,,,,,,164,,164,,,,158,,6915585773184,tyson_rap_2_4x5,6915577150784,FB_iOS_Rap_StartTrial_set1_251125,6915577150584,FB_iOS_Rap_StartTrial_Set1_251125,6,,1.951667,"[{'action_type': 'outbound_click', 'value': '1.951667'}]",1.951667,3.903333,0.28561,,0.071402,0.071402,,,0.074114,1.951667,22.476008,22.519231,1.151631,2025-12-03,2025-12-03,1.001923,male,521,1.151631,6,"[{'action_type': 'outbound_click', 'value': '6'}]","[{'action_type': 'outbound_click', 'value': '1.151631'}]",520,11.71,13,3,10,154,69,33
,,,,,,,,,,,,,,,,,,,,,6915585773184,tyson_rap_2_4x5,6915577150784,FB_iOS_Rap_StartTrial_set1_251125,6915577150584,FB_iOS_Rap_StartTrial_Set1_251125,0,,,,,,,,,,,,,,20,20,0,2025-12-03,2025-12-03,1,unknown,4,,,,,4,0.08,,1,,,,
,,,,,,,,,,,,,,,,,,,,,6916143078584,jesus_rap_1_4x5_subtitles,6915577150784,FB_iOS_Rap_StartTrial_set1_251125,6915577150584,FB_iOS_Rap_StartTrial_Set1_251125,0,,,,,,,,,,,,,,15,15,0,2025-12-03,2025-12-03,1,female,2,,,,,2,0.03,,1,,,,
,,,,,,,,,,,,,2,,2,,,,2,,6916143078584,jesus_rap_1_4x5_subtitles,6915577150784,FB_iOS_Rap_StartTrial_set1_251125,6915577150584,FB_iOS_Rap_StartTrial_Set1_251125,0,,,,,,,,0.025,0.025,,,0.025,,12.5,12.5,0,2025-12-03,2025-12-03,1,male,4,,,,,4,0.05,,3,,2,1,
,,,,,,,,,,,,,1,,1,,,,1,,6916143725584,jesus_rap_1_4x5_subtitles,6913347655784,FB_iOS_itoshi_rap_set1,6913347651784,FB_iOS_itoshi_rap_install,0,,,,,,,,0.01,0.01,,,0.01,,10,10,0,2025-12-03,2025-12-03,1,male,1,,,,,1,0.01,,3,,1,,
,,,,,,,,,,,,,,,,,,,,,6916144704984,jesus_rap_1_4x5_subtitles,6913866281784,FB_iOS_Purchase_itoshi_rap_221125,6913294159984,FB_iOS_Purchase_itoshi_v1_set6_211125,0,,,,,,,,,,,,,,50,50,0,2025-12-03,2025-12-03,1,male,2,,,,,2,0.1,,1,,,,
,,,,,,,,,,,,,,,,,,,,,6916162285584,01 Esha,6916162284184,FB_iOS_Purchase_itoshi_rap_female_261125,6913294159984,FB_iOS_Purchase_itoshi_v1_set6_211125,0,,,,,,,,,,,,,,10,10,0,2025-12-03,2025-12-03,1,female,1,,,,,1,0.01,,1,,,,
,,,,,,,,,,,,,1,,1,,,,1,,6916163301184,02 blonde,6916162284184,FB_iOS_Purchase_itoshi_rap_female_261125,6913294159984,FB_iOS_Purchase_itoshi_v1_set6_211125,0,,,,,,,,0.07,0.07,,,0.07,,35,35,0,2025-12-03,2025-12-03,1,female,2,,,,,2,0.07,,4,,1,1,
,,,,,,,,,,,,,,,,,,,,,6916164484784,04 Prerna,6916162284184,FB_iOS_Purchase_itoshi_rap_female_261125,6913294159984,FB_iOS_Purchase_itoshi_v1_set6_211125,0,,,,,,,,,,,,,,20,20,0,2025-12-03,2025-12-03,1,female,2,,,,,2,0.04,,1,,,,
,,,,,,,,,,,,,,,,,,,,,6916164484784,04 Prerna,6916162284184,FB_iOS_Purchase_itoshi_rap_female_261125,6913294159984,FB_iOS_Purchase_itoshi_v1_set6_211125,0,,,,,,,,,,,,,,110,110,0,2025-12-03,2025-12-03,1,male,1,,,,,1,0.11,,1,,,,
1,92,,,28,9,9,92,1,1,,,1,729,2,729,8,6,1,693,1,6916167127784,06 fbg og,6916162284184,FB_iOS_Purchase_itoshi_rap_female_261125,6913294159984,FB_iOS_Purchase_itoshi_v1_set6_211125,29,"[{'action_type': 'subscribe_mobile_app', 'value': '45.7'}, {'action_type': 'subscribe_total', 'value': '45.7'}]",1.632143,"[{'action_type': 'outbound_click', 'value': '1.632143'}]",1.632143,5.077778,0.496739,45.7,0.062689,0.062689,5.7125,45.7,0.065945,1.575862,25.980671,27.968176,1.648664,2025-12-03,2025-12-03,1.076499,female,1759,1.591814,28,"[{'action_type': 'outbound_click', 'value': '28'}]","[{'action_type': 'outbound_click', 'value': '1.591814'}]",1634,45.7,119,4,113,614,315,243
,,,,2,,,,,,,,,39,,39,,,,37,,6916167127784,06 fbg og,6916162284184,FB_iOS_Purchase_itoshi_rap_female_261125,6913294159984,FB_iOS_Purchase_itoshi_v1_set6_211125,2,,1.315,"[{'action_type': 'outbound_click', 'value': '1.315'}]",1.315,,,,0.067436,0.067436,,,0.071081,1.315,24.351852,24.811321,1.851852,2025-12-03,2025-12-03,1.018868,male,108,1.851852,2,"[{'action_type': 'outbound_click', 'value': '2'}]","[{'action_type': 'outbound_click', 'value': '1.851852'}]",106,2.63,3,3,3,32,12,10
,,,,,,,,,,,,,5,,5,,,,5,,6916167127784,06 fbg og,6916162284184,FB_iOS_Purchase_itoshi_rap_female_261125,6913294159984,FB_iOS_Purchase_itoshi_v1_set6_211125,0,,,,,,,,0.068,0.068,,,0.068,,28.333333,28.333333,0,2025-12-03,2025-12-03,1,unknown,12,,,,,12,0.34,,3,,4,1,
,6,,,10,2,2,6,,,,,,153,1,153,1,,,142,,6916167363584,07 black_4,6916162284184,FB_iOS_Purchase_itoshi_rap_female_261125,6913294159984,FB_iOS_Purchase_itoshi_v1_set6_211125,10,,1.435,"[{'action_type': 'outbound_click', 'value': '1.435'}]",1.435,7.175,2.391667,,0.093791,0.093791,14.35,,0.101056,1.435,28.027344,29.958246,1.953125,2025-12-03,2025-12-03,1.068894,female,512,1.953125,10,"[{'action_type': 'outbound_click', 'value': '10'}]","[{'action_type': 'outbound_click', 'value': '1.953125'}]",479,14.35,25,4,25,121,65,51
,,,,,,,,,,,,,3,,3,,,,3,,6916167363584,07 black_4,6916162284184,FB_iOS_Purchase_itoshi_rap_female_261125,6913294159984,FB_iOS_Purchase_itoshi_v1_set6_211125,0,,,,,,,,0.13,0.13,,,0.13,,18.571429,18.571429,0,2025-12-03,2025-12-03,1,male,21,,,,,21,0.39,,2,,3,1,
,,,,,,,,,,,,,1,,1,,,,1,,6916167363584,07 black_4,6916162284184,FB_iOS_Purchase_itoshi_rap_female_261125,6913294159984,FB_iOS_Purchase_itoshi_v1_set6_211125,0,,,,,,,,0.16,0.16,,,0.16,,32,32,0,2025-12-03,2025-12-03,1,unknown,5,,,,,5,0.16,,1,,1,,
,,,,,,,,,,,,,,,,,,,,,6916167702784,08 aiartist3,6916162284184,FB_iOS_Purchase_itoshi_rap_female_261125,6913294159984,FB_iOS_Purchase_itoshi_v1_set6_211125,0,,,,,,,,,,,,,,0,0,0,2025-12-03,2025-12-03,1,female,1,,,,,1,0,,,,,,
,,,,,,,,,,,,,1,,1,,,,1,,6916167702784,08 aiartist3,6916162284184,FB_iOS_Purchase_itoshi_rap_female_261125,6913294159984,FB_iOS_Purchase_itoshi_v1_set6_211125,0,,,,,,,,0.34,0.34,,,0.34,,42.5,42.5,0,2025-12-03,2025-12-03,1,male,8,,,,,8,0.34,,1,,1,,
11,819,2,,145,64,64,819,11,11,10,10,11,3747,5,3747,66,51,11,3536,11,6916168066184,12 Prerna,6916162284184,FB_iOS_Purchase_itoshi_rap_female_261125,6913294159984,FB_iOS_Purchase_itoshi_v1_set6_211125,161,"[{'action_type': 'subscribe_mobile_app', 'value': '39.8025'}, {'action_type': 'subscribe_total', 'value': '39.8025'}]",2.196,"[{'action_type': 'outbound_click', 'value': '2.196'}]",2.196,4.975313,0.388791,28.947273,0.08498,0.08498,4.824545,28.947273,0.090051,1.977764,32.445486,34.577044,1.640514,2025-12-03,2025-12-03,1.065697,female,9814,1.477481,145,"[{'action_type': 'outbound_click', 'value': '145'}]","[{'action_type': 'outbound_click', 'value': '1.477481'}]",9209,318.42,436,4,424,3206,1640,1015
,20,,1,18,4,4,20,,,2,2,,473,,473,7,4,,448,,6916168066184,12 Prerna,6916162284184,FB_iOS_Purchase_itoshi_rap_female_261125,6913294159984,FB_iOS_Purchase_itoshi_v1_set6_211125,18,,2.148889,"[{'action_type': 'outbound_click', 'value': '2.148889'}]",2.148889,9.67,1.934,,0.081776,0.081776,5.525714,,0.086339,2.148889,28.171886,29.170437,1.310998,2025-12-03,2025-12-03,1.035445,male,1373,1.310998,18,"[{'action_type': 'outbound_click', 'value': '18'}]","[{'action_type': 'outbound_click', 'value': '1.310998'}]",1326,38.68,61,4,58,400,195,123
,1,,,1,,,1,,,,,,31,,31,1,1,,29,,6916168066184,12 Prerna,6916162284184,FB_iOS_Purchase_itoshi_rap_female_261125,6913294159984,FB_iOS_Purchase_itoshi_v1_set6_211125,1,,2.66,"[{'action_type': 'outbound_click', 'value': '2.66'}]",2.66,,2.66,,0.085806,0.085806,2.66,,0.091724,2.66,30.930233,33.670886,1.162791,2025-12-03,2025-12-03,1.088608,unknown,86,1.162791,1,"[{'action_type': 'outbound_click', 'value': '1'}]","[{'action_type': 'outbound_click', 'value': '1.162791'}]",79,2.66,1,4,1,29,15,6
,,,,3,2,2,,,,1,1,,111,,111,3,2,,105,,6916172721984,11 black baby,6916172721584,FB_iOS_Purchase_itoshi_rap_baby_261125,6913294159984,FB_iOS_Purchase_itoshi_v1_set6_211125,4,,4.936667,"[{'action_type': 'outbound_click', 'value': '4.936667'}]",4.936667,7.405,,,0.133423,0.133423,4.936667,,0.141048,3.7025,44.077381,49.697987,1.190476,2025-12-03,2025-12-03,1.127517,female,336,0.892857,3,"[{'action_type': 'outbound_click', 'value': '3'}]","[{'action_type': 'outbound_click', 'value': '0.892857'}]",298,14.81,11,3,11,100,53,29
,,,,11,,,,,,1,1,,380,,380,6,5,,363,,6916172721984,11 black baby,6916172721584,FB_iOS_Purchase_itoshi_rap_baby_261125,6913294159984,FB_iOS_Purchase_itoshi_v1_set6_211125,11,,3.47,"[{'action_type': 'outbound_click', 'value': '3.47'}]",3.47,,,,0.100447,0.100447,6.361667,,0.105152,3.47,31.108394,33.659612,0.896496,2025-12-03,2025-12-03,1.082011,male,1227,0.896496,11,"[{'action_type': 'outbound_click', 'value': '11'}]","[{'action_type': 'outbound_click', 'value': '0.896496'}]",1134,38.17,56,3,54,322,165,120
,,,,1,,,,,,,,,6,,6,,,,5,,6916172721984,11 black baby,6916172721584,FB_iOS_Purchase_itoshi_rap_baby_261125,6913294159984,FB_iOS_Purchase_itoshi_v1_set6_211125,1,,0.7,"[{'action_type': 'outbound_click', 'value': '0.7'}]",0.7,,,,0.116667,0.116667,,,0.14,0.7,50,58.333333,7.142857,2025-12-03,2025-12-03,1.166667,unknown,14,7.142857,1,"[{'action_type': 'outbound_click', 'value': '1'}]","[{'action_type': 'outbound_click', 'value': '7.142857'}]",12,0.7,,4,,5,3,
,39,1,1,39,4,4,39,,,,,,581,1,581,5,3,,537,,6916177448584,10 Asian baby - Copy,6916176486384,FB_iOS_itoshi_rap_baby,6913347651784,FB_iOS_itoshi_rap_install,35,,0.507949,"[{'action_type': 'outbound_click', 'value': '0.507949'}]",0.507949,4.9525,0.507949,,0.034096,0.034096,3.962,,0.03689,0.566,11.701122,12.086638,2.067336,2025-12-03,2025-12-03,1.032947,female,1693,2.303603,39,"[{'action_type': 'outbound_click', 'value': '39'}]","[{'action_type': 'outbound_click', 'value': '2.303603'}]",1639,19.81,54,3,54,486,234,138
,230,2,,47,25,25,230,,,,,,1009,2,1009,14,12,,948,,6916177448584,10 Asian baby - Copy,6916176486384,FB_iOS_itoshi_rap_baby,6913347651784,FB_iOS_itoshi_rap_install,43,,0.607872,"[{'action_type': 'outbound_click', 'value': '0.607872'}]",0.607872,1.1428,0.124217,,0.028315,0.028315,2.040714,,0.030137,0.664419,9.74088,9.993005,1.466076,2025-12-03,2025-12-03,1.025883,male,2933,1.602455,47,"[{'action_type': 'outbound_click', 'value': '47'}]","[{'action_type': 'outbound_click', 'value': '1.602455'}]",2859,28.57,117,4,106,837,405,258
,,,,,,,,,,,,,11,,11,,,,11,,6916177448584,10 Asian baby - Copy,6916176486384,FB_iOS_itoshi_rap_baby,6913347651784,FB_iOS_itoshi_rap_install,0,,,,,,,,0.028182,0.028182,,,0.028182,,8.857143,9.393939,0,2025-12-03,2025-12-03,1.060606,unknown,35,,,,,33,0.31,,3,,7,2,1
,,,,,,,,,,,,,1,,1,,,,1,,6916177884584,08 aiartist3 - Copy,6916176936184,FB_iOS_itoshi_rap_female,6913347651784,FB_iOS_itoshi_rap_install,0,,,,,,,,0.18,0.18,,,0.18,,45,45,0,2025-12-03,2025-12-03,1,male,4,,,,,4,0.18,,2,,1,,
,,,,,,,,,,,,,,,,,,,,,6916177884984,14 blonde - Copy,6916176936184,FB_iOS_itoshi_rap_female,6913347651784,FB_iOS_itoshi_rap_install,0,,,,,,,,,,,,,,0,0,0,2025-12-03,2025-12-03,1,female,1,,,,,1,0,,1,,,,
,,,,,,,,,,,,,6,,6,1,1,,5,,6916177885184,12 Prerna - Copy,6916176936184,FB_iOS_itoshi_rap_female,6913347651784,FB_iOS_itoshi_rap_install,0,,,,,,,,0.033333,0.033333,0.2,,0.04,,14.285714,15.384615,0,2025-12-03,2025-12-03,1.076923,female,14,,,,,13,0.2,1,4,1,4,4,1
,,,,,,,,,,,,,,,,,,,,,6916177885184,12 Prerna - Copy,6916176936184,FB_iOS_itoshi_rap_female,6913347651784,FB_iOS_itoshi_rap_install,0,,,,,,,,,,,,,,20,20,0,2025-12-03,2025-12-03,1,male,1,,,,,1,0.02,,2,,,,
,2,,,,,,2,,,,,,12,,12,,,,12,,6916177885984,07 black_4 - Copy,6916176936184,FB_iOS_itoshi_rap_female,6913347651784,FB_iOS_itoshi_rap_install,0,,,,,,0.185,,0.030833,0.030833,,,0.030833,,8.809524,9.02439,0,2025-12-03,2025-12-03,1.02439,female,42,,,,,41,0.37,1,3,1,9,5,4
1,757,11,,187,91,91,757,1,1,,,1,4028,7,4028,72,65,1,3769,1,6916177886184,06 fbg og - Copy,6916176936184,FB_iOS_itoshi_rap_female,6913347651784,FB_iOS_itoshi_rap_install,183,"[{'action_type': 'subscribe_mobile_app', 'value': '85.98'}, {'action_type': 'subscribe_total', 'value': '85.98'}]",0.459786,"[{'action_type': 'outbound_click', 'value': '0.459786'}]",0.459786,0.944835,0.11358,85.98,0.021346,0.021346,1.194167,85.98,0.022812,0.469836,11.818557,12.277595,2.515464,2025-12-03,2025-12-03,1.038841,female,7275,2.570447,187,"[{'action_type': 'outbound_click', 'value': '187'}]","[{'action_type': 'outbound_click', 'value': '2.570447'}]",7003,85.98,595,5,552,3385,1903,1539
,14,1,,5,1,1,14,,,,,,129,,129,3,3,,121,,6916177886184,06 fbg og - Copy,6916176936184,FB_iOS_itoshi_rap_female,6913347651784,FB_iOS_itoshi_rap_install,5,,0.522,"[{'action_type': 'outbound_click', 'value': '0.522'}]",0.522,2.61,0.186429,,0.020233,0.020233,0.87,,0.02157,0.522,9.456522,9.456522,1.811594,2025-12-03,2025-12-03,1,male,276,1.811594,5,"[{'action_type': 'outbound_click', 'value': '5'}]","[{'action_type': 'outbound_click', 'value': '1.811594'}]",276,2.61,14,5,14,109,52,36
,,,,1,,,,,,,,,14,,14,,,,13,,6916177886184,06 fbg og - Copy,6916176936184,FB_iOS_itoshi_rap_female,6913347651784,FB_iOS_itoshi_rap_install,1,,0.29,"[{'action_type': 'outbound_click', 'value': '0.29'}]",0.29,,,,0.020714,0.020714,,,0.022308,0.29,10.740741,11.153846,3.703704,2025-12-03,2025-12-03,1.038462,unknown,27,3.703704,1,"[{'action_type': 'outbound_click', 'value': '1'}]","[{'action_type': 'outbound_click', 'value': '3.703704'}]",26,0.29,3,6,3,13,8,7
,,,,,,,,,,,,,,,,,,,,,6916177886384,02 blonde - Copy,6916176936184,FB_iOS_itoshi_rap_female,6913347651784,FB_iOS_itoshi_rap_install,0,,,,,,,,,,,,,,5,6.666667,0,2025-12-03,2025-12-03,1.333333,female,4,,,,,3,0.02,,2,,,,
,1,,,1,,,1,,,,,,2,,2,,,,1,,6916177886384,02 blonde - Copy,6916176936184,FB_iOS_itoshi_rap_female,6913347651784,FB_iOS_itoshi_rap_install,1,,0.05,"[{'action_type': 'outbound_click', 'value': '0.05'}]",0.05,,0.05,,0.025,0.025,,,0.05,0.05,16.666667,16.666667,33.333333,2025-12-03,2025-12-03,1,male,3,33.333333,1,"[{'action_type': 'outbound_click', 'value': '1'}]","[{'action_type': 'outbound_click', 'value': '33.333333'}]",3,0.05,,4,,1,1,
,,,,,,,,,,,,,1,,1,,,,1,,6916856841784,01 Jesus_travis,6916855007184,FB_iOS_itoshi_rap_set2_271125,6913347651784,FB_iOS_itoshi_rap_install,0,,,,,,,,0.02,0.02,,,0.02,,10,10,0,2025-12-03,2025-12-03,1,male,2,,,,,2,0.02,,4,,,,
,,,,,,,,,,,,,,,,,,,,,6916857336784,01 Santa_slim,6916855007184,FB_iOS_itoshi_rap_set2_271125,6913347651784,FB_iOS_itoshi_rap_install,0,,,,,,,,,,,,,,10,10,0,2025-12-03,2025-12-03,1,female,1,,,,,1,0.01,,3,,,,
,,,,,,,,,,,,,,,,,,,,,6916857336784,01 Santa_slim,6916855007184,FB_iOS_itoshi_rap_set2_271125,6913347651784,FB_iOS_itoshi_rap_install,0,,,,,,,,,,,,,,10,10,0,2025-12-03,2025-12-03,1,male,1,,,,,1,0.01,,2,,,,
,,,,,,,,,,,,,6,,6,1,1,,5,,6916858590184,02 Eddie_Snoop,6916855007184,FB_iOS_itoshi_rap_set2_271125,6913347651784,FB_iOS_itoshi_rap_install,0,,,,,,,,0.03,0.03,0.18,,0.036,,25.714286,25.714286,0,2025-12-03,2025-12-03,1,female,7,,,,,7,0.18,1,7,1,5,3,3
,16,,,5,1,1,16,,,,,,63,,63,,,,58,,6916858590184,02 Eddie_Snoop,6916855007184,FB_iOS_itoshi_rap_set2_271125,6913347651784,FB_iOS_itoshi_rap_install,5,,0.22,"[{'action_type': 'outbound_click', 'value': '0.22'}]",0.22,1.1,0.06875,,0.01746,0.01746,,,0.018966,0.22,10.280374,10.377358,4.672897,2025-12-03,2025-12-03,1.009434,male,107,4.672897,5,"[{'action_type': 'outbound_click', 'value': '5'}]","[{'action_type': 'outbound_click', 'value': '4.672897'}]",106,1.1,12,6,12,52,35,32
,,,,,,,,,,,,,1,,1,,,,1,,6916860754984,02 snoop_loseYourself,6916855007184,FB_iOS_itoshi_rap_set2_271125,6913347651784,FB_iOS_itoshi_rap_install,0,,,,,,,,0.06,0.06,,,0.06,,20,20,0,2025-12-03,2025-12-03,1,male,3,,,,,3,0.06,,2,,1,,
,,,,,,,,,,,,,,,,,,,,,6916861420184,02 Timothy_slim,6916855007184,FB_iOS_itoshi_rap_set2_271125,6913347651784,FB_iOS_itoshi_rap_install,0,,,,,,,,,,,,,,5,5,0,2025-12-03,2025-12-03,1,female,2,,,,,2,0.01,,2,,,,
,,,,,,,,,,,,,,,,,,,,,6916861420184,02 Timothy_slim,6916855007184,FB_iOS_itoshi_rap_set2_271125,6913347651784,FB_iOS_itoshi_rap_install,0,,,,,,,,,,,,,,10,10,0,2025-12-03,2025-12-03,1,male,1,,,,,1,0.01,,1,,,,
,,,,8,,,,,,,,,220,,220,8,8,,204,,6916864174784,04 Morgan_Gin,6916855007184,FB_iOS_itoshi_rap_set2_271125,6913347651784,FB_iOS_itoshi_rap_install,8,,0.5675,"[{'action_type': 'outbound_click', 'value': '0.5675'}]",0.5675,,,,0.020636,0.020636,0.5675,,0.022255,0.5675,9.848156,10.294785,1.735358,2025-12-03,2025-12-03,1.045351,female,461,1.735358,8,"[{'action_type': 'outbound_click', 'value': '8'}]","[{'action_type': 'outbound_click', 'value': '1.735358'}]",441,4.54,26,4,25,190,115,66
1,521,4,,229,65,65,521,1,1,3,3,1,4767,10,4767,67,54,1,4471,1,6916864174784,04 Morgan_Gin,6916855007184,FB_iOS_itoshi_rap_set2_271125,6913347651784,FB_iOS_itoshi_rap_install,227,"[{'action_type': 'subscribe_mobile_app', 'value': '84.86'}, {'action_type': 'subscribe_total', 'value': '84.86'}]",0.370568,"[{'action_type': 'outbound_click', 'value': '0.370568'}]",0.370568,1.305538,0.162879,84.86,0.017802,0.017802,1.266567,84.86,0.01898,0.373833,9.312994,9.365412,2.49122,2025-12-03,2025-12-03,1.005629,male,9112,2.513169,229,"[{'action_type': 'outbound_click', 'value': '229'}]","[{'action_type': 'outbound_click', 'value': '2.513169'}]",9061,84.86,626,5,564,4111,2425,1528
,,1,,1,,,,,,,,,31,,31,1,1,,29,,6916864174784,04 Morgan_Gin,6916855007184,FB_iOS_itoshi_rap_set2_271125,6913347651784,FB_iOS_itoshi_rap_install,1,,0.44,"[{'action_type': 'outbound_click', 'value': '0.44'}]",0.44,,,,0.014194,0.014194,0.44,,0.015172,0.44,8.627451,8.627451,1.960784,2025-12-03,2025-12-03,1,unknown,51,1.960784,1,"[{'action_type': 'outbound_click', 'value': '1'}]","[{'action_type': 'outbound_click', 'value': '1.960784'}]",51,0.44,3,5,3,27,12,10
,2,,,2,,,2,,,,,,35,,35,,,,33,,6917461954984,04 Morgan_Gin - Copy,6917461491184,FB_iOS_Rap_StartTrial_set2_281125,6915577150584,FB_iOS_Rap_StartTrial_Set1_251125,2,,1.205,"[{'action_type': 'outbound_click', 'value': '1.205'}]",1.205,,1.205,,0.068857,0.068857,,,0.07303,1.205,30.506329,31.298701,2.531646,2025-12-03,2025-12-03,1.025974,female,79,2.531646,2,"[{'action_type': 'outbound_click', 'value': '2'}]","[{'action_type': 'outbound_click', 'value': '2.531646'}]",77,2.41,6,6,6,28,16,12
1,126,1,,22,4,4,126,1,1,1,1,1,411,1,411,8,6,1,381,1,6917461954984,04 Morgan_Gin - Copy,6917461491184,FB_iOS_Rap_StartTrial_set2_281125,6915577150584,FB_iOS_Rap_StartTrial_Set1_251125,20,"[{'action_type': 'subscribe_mobile_app', 'value': '19.4'}, {'action_type': 'subscribe_total', 'value': '19.4'}]",0.881818,"[{'action_type': 'outbound_click', 'value': '0.881818'}]",0.881818,4.85,0.153968,19.4,0.047202,0.047202,2.425,19.4,0.050919,0.97,18.853256,18.853256,1.943635,2025-12-03,2025-12-03,1,male,1029,2.137998,22,"[{'action_type': 'outbound_click', 'value': '22'}]","[{'action_type': 'outbound_click', 'value': '2.137998'}]",1029,19.4,43,4,43,349,176,102
,,,,,,,,,,,,,4,,4,,,,4,,6917461954984,04 Morgan_Gin - Copy,6917461491184,FB_iOS_Rap_StartTrial_set2_281125,6915577150584,FB_iOS_Rap_StartTrial_Set1_251125,0,,,,,,,,0.0325,0.0325,,,0.0325,,18.571429,18.571429,0,2025-12-03,2025-12-03,1,unknown,7,,,,,7,0.13,,4,,4,,
,,,,,,,,,,,,,1,,1,,,,1,,6917461955384,03 Snoop_sicko - Copy,6917461491184,FB_iOS_Rap_StartTrial_set2_281125,6915577150584,FB_iOS_Rap_StartTrial_Set1_251125,0,,,,,,,,0.07,0.07,,,0.07,,35,35,0,2025-12-03,2025-12-03,1,female,2,,,,,2,0.07,,4,,1,,
,,,,,,,,,,,,,4,,4,,,,4,,6917461955384,03 Snoop_sicko - Copy,6917461491184,FB_iOS_Rap_StartTrial_set2_281125,6915577150584,FB_iOS_Rap_StartTrial_Set1_251125,0,,,,,,,,0.0525,0.0525,,,0.0525,,15,15,0,2025-12-03,2025-12-03,1,male,14,,,,,14,0.21,,3,,3,2,
,,,,1,,,,,,,,,21,,21,,,,20,,6917461956984,02 Eddie_Snoop - Copy,6917461491184,FB_iOS_Rap_StartTrial_set2_281125,6915577150584,FB_iOS_Rap_StartTrial_Set1_251125,1,,1.13,"[{'action_type': 'outbound_click', 'value': '1.13'}]",1.13,,,,0.05381,0.05381,,,0.0565,1.13,19.824561,19.824561,1.754386,2025-12-03,2025-12-03,1,female,57,1.754386,1,"[{'action_type': 'outbound_click', 'value': '1'}]","[{'action_type': 'outbound_click', 'value': '1.754386'}]",57,1.13,2,3,2,18,5,5
,9,1,2,18,4,4,9,,,,,,753,,753,6,4,,729,,6917461956984,02 Eddie_Snoop - Copy,6917461491184,FB_iOS_Rap_StartTrial_set2_281125,6915577150584,FB_iOS_Rap_StartTrial_Set1_251125,18,,1.413889,"[{'action_type': 'outbound_click', 'value': '1.413889'}]",1.413889,6.3625,2.827778,,0.033798,0.033798,4.241667,,0.034911,1.413889,15.758514,15.916198,1.114551,2025-12-03,2025-12-03,1.010006,male,1615,1.114551,18,"[{'action_type': 'outbound_click', 'value': '18'}]","[{'action_type': 'outbound_click', 'value': '1.114551'}]",1599,25.45,58,4,55,644,339,200
,,,,,,,,,,,,,6,,6,,,,6,,6917461956984,02 Eddie_Snoop - Copy,6917461491184,FB_iOS_Rap_StartTrial_set2_281125,6915577150584,FB_iOS_Rap_StartTrial_Set1_251125,0,,,,,,,,0.028333,0.028333,,,0.028333,,21.25,21.25,0,2025-12-03,2025-12-03,1,unknown,8,,,,,8,0.17,,5,,4,2,1
,,,,1,,,,,,,,,4,,4,,,,3,,6917461957184,01 Jesus_travis - Copy,6917461491184,FB_iOS_Rap_StartTrial_set2_281125,6915577150584,FB_iOS_Rap_StartTrial_Set1_251125,1,,0.08,"[{'action_type': 'outbound_click', 'value': '0.08'}]",0.08,,,,0.02,0.02,,,0.026667,0.08,20,20,25,2025-12-03,2025-12-03,1,female,4,25,1,"[{'action_type': 'outbound_click', 'value': '1'}]","[{'action_type': 'outbound_click', 'value': '25'}]",4,0.08,2,15,2,3,2,2
,,,,1,1,1,,,,,,,6,,6,,,,5,,6917461957184,01 Jesus_travis - Copy,6917461491184,FB_iOS_Rap_StartTrial_set2_281125,6915577150584,FB_iOS_Rap_StartTrial_Set1_251125,1,,0.18,"[{'action_type': 'outbound_click', 'value': '0.18'}]",0.18,0.18,,,0.03,0.03,,,0.036,0.18,22.5,22.5,12.5,2025-12-03,2025-12-03,1,male,8,12.5,1,"[{'action_type': 'outbound_click', 'value': '1'}]","[{'action_type': 'outbound_click', 'value': '12.5'}]",8,0.18,1,9,1,5,3,2
,,,,1,,,,,,,,,2,,2,,,,1,,6917461957184,01 Jesus_travis - Copy,6917461491184,FB_iOS_Rap_StartTrial_set2_281125,6915577150584,FB_iOS_Rap_StartTrial_Set1_251125,1,,0.02,"[{'action_type': 'outbound_click', 'value': '0.02'}]",0.02,,,,0.01,0.01,,,0.02,0.02,20,20,100,2025-12-03,2025-12-03,1,unknown,1,100,1,"[{'action_type': 'outbound_click', 'value': '1'}]","[{'action_type': 'outbound_click', 'value': '100'}]",1,0.02,,6,,,,
,85,3,,41,9,9,85,,,1,1,,1691,1,1691,12,10,,1638,,6917505479784,06 fbg og - Copy 2,6917504275184,FB_iOS_Rap_StartTrial_female_281125,6915577150584,FB_iOS_Rap_StartTrial_Set1_251125,41,,2.185122,"[{'action_type': 'outbound_click', 'value': '2.185122'}]",2.185122,9.954444,1.054,,0.05298,0.05298,7.465833,,0.054695,2.185122,21.244961,21.244961,0.972255,2025-12-03,2025-12-03,1,female,4217,0.972255,41,"[{'action_type': 'outbound_click', 'value': '41'}]","[{'action_type': 'outbound_click', 'value': '0.972255'}]",4217,89.59,178,4,171,1419,699,494
,4,,,2,,,4,,,,,,202,,202,2,2,,198,,6917505479784,06 fbg og - Copy 2,6917504275184,FB_iOS_Rap_StartTrial_female_281125,6915577150584,FB_iOS_Rap_StartTrial_Set1_251125,3,,4.945,"[{'action_type': 'outbound_click', 'value': '4.945'}]",4.945,,2.4725,,0.04896,0.04896,4.945,,0.049949,3.296667,18.94636,18.94636,0.574713,2025-12-03,2025-12-03,1,male,522,0.383142,2,"[{'action_type': 'outbound_click', 'value': '2'}]","[{'action_type': 'outbound_click', 'value': '0.383142'}]",522,9.89,17,4,17,169,81,58
,,,,,,,,,,,,,7,,7,,,,7,,6917505479784,06 fbg og - Copy 2,6917504275184,FB_iOS_Rap_StartTrial_female_281125,6915577150584,FB_iOS_Rap_StartTrial_Set1_251125,0,,,,,,,,0.095714,0.095714,,,0.095714,,26.8,26.8,0,2025-12-03,2025-12-03,1,unknown,25,,,,,25,0.67,1,6,1,7,4,4
1,118,,,20,5,5,118,1,1,,,1,575,,575,2,2,1,553,1,6917505480584,07 black_4 - Copy 2,6917504275184,FB_iOS_Rap_StartTrial_female_281125,6915577150584,FB_iOS_Rap_StartTrial_Set1_251125,20,,1.4795,"[{'action_type': 'outbound_click', 'value': '1.4795'}]",1.4795,5.918,0.250763,29.59,0.051461,0.051461,14.795,29.59,0.053508,1.4795,15.60654,16.475501,1.054852,2025-12-03,2025-12-03,1.055679,female,1896,1.054852,20,"[{'action_type': 'outbound_click', 'value': '20'}]","[{'action_type': 'outbound_click', 'value': '1.054852'}]",1796,29.59,54,4,50,468,213,127
,1,,,1,,,1,,,,,,27,,27,,,,26,,6917505480584,07 black_4 - Copy 2,6917504275184,FB_iOS_Rap_StartTrial_female_281125,6915577150584,FB_iOS_Rap_StartTrial_Set1_251125,1,,1.77,"[{'action_type': 'outbound_click', 'value': '1.77'}]",1.77,,1.77,,0.065556,0.065556,,,0.068077,1.77,19.032258,19.666667,1.075269,2025-12-03,2025-12-03,1.033333,male,93,1.075269,1,"[{'action_type': 'outbound_click', 'value': '1'}]","[{'action_type': 'outbound_click', 'value': '1.075269'}]",90,1.77,4,4,4,18,12,9
,,,,,,,,,,,,,2,,2,,,,2,,6917505480584,07 black_4 - Copy 2,6917504275184,FB_iOS_Rap_StartTrial_female_281125,6915577150584,FB_iOS_Rap_StartTrial_Set1_251125,0,,,,,,,,0.055,0.055,,,0.055,,36.666667,36.666667,0,2025-12-03,2025-12-03,1,unknown,3,,,,,3,0.11,,6,,2,1,1
,,,,,,,,,,,,,3,,3,,,,3,,6917505481184,14 blonde - Copy 2,6917504275184,FB_iOS_Rap_StartTrial_female_281125,6915577150584,FB_iOS_Rap_StartTrial_Set1_251125,0,,,,,,,,0.073333,0.073333,,,0.073333,,22,22,0,2025-12-03,2025-12-03,1,female,10,,,,,10,0.22,,3,,3,1,1
,,,,,,,,,,,,,3,,3,,,,3,,6917505481184,14 blonde - Copy 2,6917504275184,FB_iOS_Rap_StartTrial_female_281125,6915577150584,FB_iOS_Rap_StartTrial_Set1_251125,0,,,,,,,,0.09,0.09,,,0.09,,45,45,0,2025-12-03,2025-12-03,1,male,6,,,,,6,0.27,1,7,1,3,2,1
,,,,,,,,,,,,,,,,,,,,,6917505481384,01 Esha - Copy 2,6917504275184,FB_iOS_Rap_StartTrial_female_281125,6915577150584,FB_iOS_Rap_StartTrial_Set1_251125,0,,,,,,,,,,,,,,15,15,0,2025-12-03,2025-12-03,1,female,2,,,,,2,0.03,,1,,,,
,,,,,,,,,,,,,1,,1,,,,1,,6917505481384,01 Esha - Copy 2,6917504275184,FB_iOS_Rap_StartTrial_female_281125,6915577150584,FB_iOS_Rap_StartTrial_Set1_251125,0,,,,,,,,0.07,0.07,,,0.07,,70,70,0,2025-12-03,2025-12-03,1,male,1,,,,,1,0.07,1,14,1,1,1,1
,,,,,,,,,,,,,1,,1,,,,1,,6917505481584,02 blonde - Copy 2,6917504275184,FB_iOS_Rap_StartTrial_female_281125,6915577150584,FB_iOS_Rap_StartTrial_Set1_251125,0,,,,,,,,0.1,0.1,,,0.1,,25,25,0,2025-12-03,2025-12-03,1,female,4,,,,,4,0.1,,2,,,,
,,,,,,,,,,,,,,,,,,,,,6917505481784,03 blonde - Copy 2,6917504275184,FB_iOS_Rap_StartTrial_female_281125,6915577150584,FB_iOS_Rap_StartTrial_Set1_251125,0,,,,,,,,,,,,,,10,10,0,2025-12-03,2025-12-03,1,female,1,,,,,1,0.01,,1,,,,
,,,,,,,,,,,,,,,,,,,,,6917505481784,03 blonde - Copy 2,6917504275184,FB_iOS_Rap_StartTrial_female_281125,6915577150584,FB_iOS_Rap_StartTrial_Set1_251125,0,,,,,,,,,,,,,,10,10,0,2025-12-03,2025-12-03,1,male,1,,,,,1,0.01,,0,,,,
,129,,1,44,7,7,129,,,1,1,,1801,,1801,13,11,,1744,,6917505481984,12 Prerna - Copy 2,6917504275184,FB_iOS_Rap_StartTrial_female_281125,6915577150584,FB_iOS_Rap_StartTrial_Set1_251125,44,,2.145455,"[{'action_type': 'outbound_click', 'value': '2.145455'}]",2.145455,13.485714,0.731783,,0.052415,0.052415,7.261538,,0.054128,2.145455,20.331682,20.331682,0.947663,2025-12-03,2025-12-03,1,female,4643,0.947663,44,"[{'action_type': 'outbound_click', 'value': '44'}]","[{'action_type': 'outbound_click', 'value': '0.947663'}]",4643,94.4,204,4,192,1590,762,441
,24,,,7,4,4,24,,,,,,301,,301,1,1,,293,,6917505481984,12 Prerna - Copy 2,6917504275184,FB_iOS_Rap_StartTrial_female_281125,6915577150584,FB_iOS_Rap_StartTrial_Set1_251125,8,,2.081429,"[{'action_type': 'outbound_click', 'value': '2.081429'}]",2.081429,3.6425,0.607083,,0.048405,0.048405,14.57,,0.049727,1.82125,16.708716,17.512019,0.917431,2025-12-03,2025-12-03,1.048077,male,872,0.802752,7,"[{'action_type': 'outbound_click', 'value': '7'}]","[{'action_type': 'outbound_click', 'value': '0.802752'}]",832,14.57,39,4,39,262,128,82
,,,,,,,,,,,,,12,,12,,,,12,,6917505481984,12 Prerna - Copy 2,6917504275184,FB_iOS_Rap_StartTrial_female_281125,6915577150584,FB_iOS_Rap_StartTrial_Set1_251125,0,,,,,,,,0.041667,0.041667,,,0.041667,,18.518519,18.518519,0,2025-12-03,2025-12-03,1,unknown,27,,,,,27,0.5,,4,,12,7,4
,,,,,,,,,,,,,1,,1,,,,1,,6917505482184,08 aiartist3 - Copy 2,6917504275184,FB_iOS_Rap_StartTrial_female_281125,6915577150584,FB_iOS_Rap_StartTrial_Set1_251125,0,,,,,,,,0.45,0.45,,,0.45,,50,50,0,2025-12-03,2025-12-03,1,female,9,,,,,9,0.45,,2,,1,1,
,,,,,,,,,,,,,,,,,,,,,6917505482184,08 aiartist3 - Copy 2,6917504275184,FB_iOS_Rap_StartTrial_female_281125,6915577150584,FB_iOS_Rap_StartTrial_Set1_251125,0,,,,,,,,,,,,,,82.5,82.5,0,2025-12-03,2025-12-03,1,male,4,,,,,4,0.33,,2,,,,
,,,,,,,,,,,,,1,,1,,,,1,,6917505482184,08 aiartist3 - Copy 2,6917504275184,FB_iOS_Rap_StartTrial_female_281125,6915577150584,FB_iOS_Rap_StartTrial_Set1_251125,0,,,,,,,,0.01,0.01,,,0.01,,10,10,0,2025-12-03,2025-12-03,1,unknown,1,,,,,1,0.01,,16,,1,1,1
,,,,,,,,,,,,,,,,,,,,,6920196825784,01_black4_Big energy,6920175379584,Test_F_BigEnergy,6920175379984,FB_iOS_Install_Rap_CreativeTest_251202,0,,,,,,,,,,,,,,0,0,0,2025-12-03,2025-12-03,1,male,1,,,,,1,0,,,,,,
,,,,,,,,,,,,,1,,1,,,,1,,6920199274584,02_blackNew_Big energy,6920175379584,Test_F_BigEnergy,6920175379984,FB_iOS_Install_Rap_CreativeTest_251202,0,,,,,,,,0.02,0.02,,,0.02,,6.666667,6.666667,0,2025-12-03,2025-12-03,1,female,3,,,,,3,0.02,,3,,1,1,
,,,,,,,,,,,,,2,,2,,,,2,,6920199274584,02_blackNew_Big energy,6920175379584,Test_F_BigEnergy,6920175379984,FB_iOS_Install_Rap_CreativeTest_251202,0,,,,,,,,0.01,0.01,,,0.01,,10,10,0,2025-12-03,2025-12-03,1,male,2,,,,,2,0.02,1,22,1,2,1,1
2,608,2,,223,68,68,608,2,2,1,1,2,4026,7,4026,53,45,2,3750,2,6920199460384,03_blackbodysuit_Big energy,6920175379584,Test_F_BigEnergy,6920175379984,FB_iOS_Install_Rap_CreativeTest_251202,211,"[{'action_type': 'subscribe_mobile_app', 'value': '40.825'}, {'action_type': 'subscribe_total', 'value': '40.825'}]",0.366144,"[{'action_type': 'outbound_click', 'value': '0.366144'}]",0.366144,1.200735,0.134293,40.825,0.020281,0.020281,1.540566,40.825,0.021773,0.386967,10.638436,11.2172,2.749186,2025-12-03,2025-12-03,1.054403,female,7675,2.905537,223,"[{'action_type': 'outbound_click', 'value': '223'}]","[{'action_type': 'outbound_click', 'value': '2.905537'}]",7279,81.65,513,6,470,3431,1922,1301
,,,,6,,,,,,,,,132,,132,2,2,,124,,6920199460384,03_blackbodysuit_Big energy,6920175379584,Test_F_BigEnergy,6920175379984,FB_iOS_Install_Rap_CreativeTest_251202,6,,0.513333,"[{'action_type': 'outbound_click', 'value': '0.513333'}]",0.513333,,,,0.023333,0.023333,1.54,,0.024839,0.513333,10.098361,10.807018,1.967213,2025-12-03,2025-12-03,1.070175,male,305,1.967213,6,"[{'action_type': 'outbound_click', 'value': '6'}]","[{'action_type': 'outbound_click', 'value': '1.967213'}]",285,3.08,12,4,12,105,51,36
,,,,2,,,,,,,,,15,,15,,,,13,,6920199460384,03_blackbodysuit_Big energy,6920175379584,Test_F_BigEnergy,6920175379984,FB_iOS_Install_Rap_CreativeTest_251202,2,,0.14,"[{'action_type': 'outbound_click', 'value': '0.14'}]",0.14,,,,0.018667,0.018667,,,0.021538,0.14,9.032258,9.655172,6.451613,2025-12-03,2025-12-03,1.068966,unknown,31,6.451613,2,"[{'action_type': 'outbound_click', 'value': '2'}]","[{'action_type': 'outbound_click', 'value': '6.451613'}]",29,0.28,2,5,2,12,7,6
,,,,,,,,,,,,,1,,1,,,,1,,6920200299984,04_fbg_Big energy,6920175379584,Test_F_BigEnergy,6920175379984,FB_iOS_Install_Rap_CreativeTest_251202,0,,,,,,,,0.11,0.11,,,0.11,,13.75,13.75,0,2025-12-03,2025-12-03,1,female,8,,,,,8,0.11,,3,,1,1,1
,,,,,,,,,,,,,5,,5,,,,5,,6920200299984,04_fbg_Big energy,6920175379584,Test_F_BigEnergy,6920175379984,FB_iOS_Install_Rap_CreativeTest_251202,0,,,,,,,,0.01,0.01,,,0.01,,7.142857,7.142857,0,2025-12-03,2025-12-03,1,male,7,,,,,7,0.05,,6,,4,3,2
,,,,,,,,,,,,,1,,1,,,,1,,6920200299984,04_fbg_Big energy,6920175379584,Test_F_BigEnergy,6920175379984,FB_iOS_Install_Rap_CreativeTest_251202,0,,,,,,,,0.01,0.01,,,0.01,,10,10,0,2025-12-03,2025-12-03,1,unknown,1,,,,,1,0.01,,4,,1,,
,,,,,,,,,,,,,1,,1,,,,1,,6920201298984,05_greendress_Big energy,6920175379584,Test_F_BigEnergy,6920175379984,FB_iOS_Install_Rap_CreativeTest_251202,0,,,,,,,,0.04,0.04,,,0.04,,8,10,0,2025-12-03,2025-12-03,1.25,female,5,,,,,4,0.04,1,6,1,1,1,1
,,,,,,,,,,,,,,,,,,,,,6920201298984,05_greendress_Big energy,6920175379584,Test_F_BigEnergy,6920175379984,FB_iOS_Install_Rap_CreativeTest_251202,0,,,,,,,,,,,,,,10,10,0,2025-12-03,2025-12-03,1,male,3,,,,,3,0.03,,1,,,,
,49,1,,19,4,4,49,,,1,1,,285,,285,3,2,,263,,6920202402984,06_green hair_Big energy,6920175379584,Test_F_BigEnergy,6920175379984,FB_iOS_Install_Rap_CreativeTest_251202,16,,0.332105,"[{'action_type': 'outbound_click', 'value': '0.332105'}]",0.332105,1.5775,0.128776,,0.02214,0.02214,2.103333,,0.023992,0.394375,9.446108,10,2.39521,2025-12-03,2025-12-03,1.058637,female,668,2.844311,19,"[{'action_type': 'outbound_click', 'value': '19'}]","[{'action_type': 'outbound_click', 'value': '2.844311'}]",631,6.31,31,4,27,241,119,76
,1,,,3,,,1,,,,,,47,,47,1,1,,43,,6920202402984,06_green hair_Big energy,6920175379584,Test_F_BigEnergy,6920175379984,FB_iOS_Install_Rap_CreativeTest_251202,3,,0.516667,"[{'action_type': 'outbound_click', 'value': '0.516667'}]",0.516667,,1.55,,0.032979,0.032979,1.55,,0.036047,0.516667,9.509202,9.748428,1.840491,2025-12-03,2025-12-03,1.025157,male,163,1.840491,3,"[{'action_type': 'outbound_click', 'value': '3'}]","[{'action_type': 'outbound_click', 'value': '1.840491'}]",159,1.55,1,3,1,39,16,9
,,,,,,,,,,,,,1,,1,,,,1,,6920202402984,06_green hair_Big energy,6920175379584,Test_F_BigEnergy,6920175379984,FB_iOS_Install_Rap_CreativeTest_251202,0,,,,,,,,0.05,0.05,,,0.05,,16.666667,16.666667,0,2025-12-03,2025-12-03,1,unknown,3,,,,,3,0.05,,4,,1,,
,,,,,,,,,,,,,,,,,,,,,6920208797384,07_nose ring_Big energy,6920175379584,Test_F_BigEnergy,6920175379984,FB_iOS_Install_Rap_CreativeTest_251202,0,,,,,,,,,,,,,,0,0,0,2025-12-03,2025-12-03,1,female,1,,,,,1,0,,2,,,,
,,,,1,,,,,,,,,2,,2,,,,1,,6920208797384,07_nose ring_Big energy,6920175379584,Test_F_BigEnergy,6920175379984,FB_iOS_Install_Rap_CreativeTest_251202,1,,0.01,"[{'action_type': 'outbound_click', 'value': '0.01'}]",0.01,,,,0.005,0.005,,,0.01,0.01,5,5,50,2025-12-03,2025-12-03,1,male,2,50,1,"[{'action_type': 'outbound_click', 'value': '1'}]","[{'action_type': 'outbound_click', 'value': '50'}]",2,0.01,,4,,1,,
,,,,,,,,,,,,,,,,,,,,,6920210745384,09_red lipstick_Big energy,6920175379584,Test_F_BigEnergy,6920175379984,FB_iOS_Install_Rap_CreativeTest_251202,0,,,,,,,,,,,,,,30,30,0,2025-12-03,2025-12-03,1,female,1,,,,,1,0.03,,1,,,,
,,,,,,,,,,,,,8,,8,,,,8,,6920210745384,09_red lipstick_Big energy,6920175379584,Test_F_BigEnergy,6920175379984,FB_iOS_Install_Rap_CreativeTest_251202,0,,,,,,,,0.075,0.075,,,0.075,,20,21.428571,0,2025-12-03,2025-12-03,1.071429,male,30,,,,,28,0.6,,2,,4,,
,,,,,,,,,,,,,1,,1,,,,1,,6920210890384,10_Red pants_Big energy,6920175379584,Test_F_BigEnergy,6920175379984,FB_iOS_Install_Rap_CreativeTest_251202,0,,,,,,,,0.05,0.05,,,0.05,,16.666667,16.666667,0,2025-12-03,2025-12-03,1,male,3,,,,,3,0.05,,3,,1,1,1
,,,,,,,,,,,,,3,,3,,,,3,,6920211228384,01_black4_I like it,6920211227584,Test_F_ILikeIt,6920175379984,FB_iOS_Install_Rap_CreativeTest_251202,0,,,,,,,,0.083333,0.083333,,,0.083333,,19.230769,19.230769,0,2025-12-03,2025-12-03,1,female,13,,,,,13,0.25,,2,,1,1,1
,,,,,,,,,,,,,15,,15,,,,15,,6920211228384,01_black4_I like it,6920211227584,Test_F_ILikeIt,6920175379984,FB_iOS_Install_Rap_CreativeTest_251202,0,,,,,,,,0.036,0.036,,,0.036,,9.310345,9.473684,0,2025-12-03,2025-12-03,1.017544,male,58,,,,,57,0.54,,3,,13,7,3
,4,,,1,1,1,4,,,,,,57,,57,,,,56,,6920212936384,02_blackNew_I like it,6920211227584,Test_F_ILikeIt,6920175379984,FB_iOS_Install_Rap_CreativeTest_251202,1,,2.3,"[{'action_type': 'outbound_click', 'value': '2.3'}]",2.3,2.3,0.575,,0.040351,0.040351,,,0.041071,2.3,19.491525,20.720721,0.847458,2025-12-03,2025-12-03,1.063063,female,118,0.847458,1,"[{'action_type': 'outbound_click', 'value': '1'}]","[{'action_type': 'outbound_click', 'value': '0.847458'}]",111,2.3,12,5,11,47,33,19
,,,,,,,,,,,,,6,,6,,,,6,,6920212936384,02_blackNew_I like it,6920211227584,Test_F_ILikeIt,6920175379984,FB_iOS_Install_Rap_CreativeTest_251202,0,,,,,,,,0.078333,0.078333,,,0.078333,,26.111111,27.647059,0,2025-12-03,2025-12-03,1.058824,male,18,,,,,17,0.47,2,3,2,6,3,2
,,,,,,,,,,,,,,,,,,,,,6920212936384,02_blackNew_I like it,6920211227584,Test_F_ILikeIt,6920175379984,FB_iOS_Install_Rap_CreativeTest_251202,0,,,,,,,,,,,,,,0,0,0,2025-12-03,2025-12-03,1,unknown,1,,,,,1,0,,1,,,,
,53,1,,37,5,5,53,,,,,,794,,794,9,9,,748,,6920213202984,03_blackbodysuit_I like it,6920211227584,Test_F_ILikeIt,6920175379984,FB_iOS_Install_Rap_CreativeTest_251202,34,,0.741351,"[{'action_type': 'outbound_click', 'value': '0.741351'}]",0.741351,5.486,0.517547,,0.034547,0.034547,3.047778,,0.036671,0.806765,13.980632,14.827027,1.732926,2025-12-03,2025-12-03,1.060541,female,1962,1.885831,37,"[{'action_type': 'outbound_click', 'value': '37'}]","[{'action_type': 'outbound_click', 'value': '1.885831'}]",1850,27.43,123,4,116,668,356,256
,,,,2,,,,,,,,,47,,47,2,2,,43,,6920213202984,03_blackbodysuit_I like it,6920211227584,Test_F_ILikeIt,6920175379984,FB_iOS_Install_Rap_CreativeTest_251202,2,,0.775,"[{'action_type': 'outbound_click', 'value': '0.775'}]",0.775,,,,0.032979,0.032979,0.775,,0.036047,0.775,13.135593,13.596491,1.694915,2025-12-03,2025-12-03,1.035088,male,118,1.694915,2,"[{'action_type': 'outbound_click', 'value': '2'}]","[{'action_type': 'outbound_click', 'value': '1.694915'}]",114,1.55,6,4,6,36,18,9
,,,,,,,,,,,,,3,,3,,,,3,,6920213202984,03_blackbodysuit_I like it,6920211227584,Test_F_ILikeIt,6920175379984,FB_iOS_Install_Rap_CreativeTest_251202,0,,,,,,,,0.016667,0.016667,,,0.016667,,7.142857,7.142857,0,2025-12-03,2025-12-03,1,unknown,7,,,,,7,0.05,,3,,3,,
,41,1,,15,2,2,41,,,,,,411,,411,3,3,,393,,6920213414184,04_fbg_I like it,6920211227584,Test_F_ILikeIt,6920175379984,FB_iOS_Install_Rap_CreativeTest_251202,15,,0.88,"[{'action_type': 'outbound_click', 'value': '0.88'}]",0.88,6.6,0.321951,,0.032117,0.032117,4.4,,0.033588,0.88,11.722913,12.076853,1.332149,2025-12-03,2025-12-03,1.030192,female,1126,1.332149,15,"[{'action_type': 'outbound_click', 'value': '15'}]","[{'action_type': 'outbound_click', 'value': '1.332149'}]",1093,13.2,63,4,63,344,207,137
1,14,,,3,2,2,14,1,1,,,1,67,,67,1,1,1,63,1,6920213414184,04_fbg_I like it,6920211227584,Test_F_ILikeIt,6920175379984,FB_iOS_Install_Rap_CreativeTest_251202,3,"[{'action_type': 'subscribe_mobile_app', 'value': '2.4'}, {'action_type': 'subscribe_total', 'value': '2.4'}]",0.8,"[{'action_type': 'outbound_click', 'value': '0.8'}]",0.8,1.2,0.171429,2.4,0.035821,0.035821,2.4,2.4,0.038095,0.8,12.565445,13.186813,1.570681,2025-12-03,2025-12-03,1.049451,male,191,1.570681,3,"[{'action_type': 'outbound_click', 'value': '3'}]","[{'action_type': 'outbound_click', 'value': '1.570681'}]",182,2.4,12,6,12,55,28,19
,,,,,,,,,,,,,6,,6,,,,6,,6920213414184,04_fbg_I like it,6920211227584,Test_F_ILikeIt,6920175379984,FB_iOS_Install_Rap_CreativeTest_251202,0,,,,,,,,0.015,0.015,,,0.015,,8.181818,8.181818,0,2025-12-03,2025-12-03,1,unknown,11,,,,,11,0.09,2,5,2,6,3,3
,8,,,5,1,1,8,,,,,,104,,104,2,2,,97,,6920213932984,05_greendress_I like it,6920211227584,Test_F_ILikeIt,6920175379984,FB_iOS_Install_Rap_CreativeTest_251202,5,,0.7,"[{'action_type': 'outbound_click', 'value': '0.7'}]",0.7,3.5,0.4375,,0.033654,0.033654,1.75,,0.036082,0.7,13.671875,14,1.953125,2025-12-03,2025-12-03,1.024,female,256,1.953125,5,"[{'action_type': 'outbound_click', 'value': '5'}]","[{'action_type': 'outbound_click', 'value': '1.953125'}]",250,3.5,16,4,14,90,45,35
,2,,,,1,1,2,,,,,,11,,11,,,,11,,6920213932984,05_greendress_I like it,6920211227584,Test_F_ILikeIt,6920175379984,FB_iOS_Install_Rap_CreativeTest_251202,0,,,,,0.53,0.265,,0.048182,0.048182,,,0.048182,,11.521739,11.521739,0,2025-12-03,2025-12-03,1,male,46,,,,,46,0.53,4,3,4,10,6,5
,,,,,,,,,,,,,1,,1,,,,1,,6920213932984,05_greendress_I like it,6920211227584,Test_F_ILikeIt,6920175379984,FB_iOS_Install_Rap_CreativeTest_251202,0,,,,,,,,0.03,0.03,,,0.03,,7.5,10,0,2025-12-03,2025-12-03,1.333333,unknown,4,,,,,3,0.03,,1,,,,
,5,,,,,,5,,,,,,24,,24,,,,24,,6920214222584,06_green hair_I like it,6920211227584,Test_F_ILikeIt,6920175379984,FB_iOS_Install_Rap_CreativeTest_251202,0,,,,,,0.27,,0.05625,0.05625,,,0.05625,,15.517241,16.071429,0,2025-12-03,2025-12-03,1.035714,female,87,,,,,84,1.35,2,2,2,19,6,5
,4,,,,,,4,,,,,,11,,11,,,,11,,6920214222584,06_green hair_I like it,6920211227584,Test_F_ILikeIt,6920175379984,FB_iOS_Install_Rap_CreativeTest_251202,0,,,,,,0.165,,0.06,0.06,,,0.06,,14.042553,15,0,2025-12-03,2025-12-03,1.068182,male,47,,,,,44,0.66,2,4,2,10,7,5
,108,,,21,10,10,108,,,,,,460,,460,,,,439,,6920215275984,07_nose ring_I like it,6920211227584,Test_F_ILikeIt,6920175379984,FB_iOS_Install_Rap_CreativeTest_251202,22,,0.805238,"[{'action_type': 'outbound_click', 'value': '0.805238'}]",0.805238,1.691,0.156574,,0.036761,0.036761,,,0.038519,0.768636,13.378165,14.794401,1.740506,2025-12-03,2025-12-03,1.105862,female,1264,1.661392,21,"[{'action_type': 'outbound_click', 'value': '21'}]","[{'action_type': 'outbound_click', 'value': '1.661392'}]",1143,16.91,43,4,39,388,225,145
,,,,,,,,,,,,,34,,34,,,,34,,6920215275984,07_nose ring_I like it,6920211227584,Test_F_ILikeIt,6920175379984,FB_iOS_Install_Rap_CreativeTest_251202,0,,,,,,,,0.035588,0.035588,,,0.035588,,12.604167,14.235294,0,2025-12-03,2025-12-03,1.129412,male,96,,,,,85,1.21,1,3,1,29,17,9
,,,,,,,,,,,,,6,,6,,,,6,,6920215275984,07_nose ring_I like it,6920211227584,Test_F_ILikeIt,6920175379984,FB_iOS_Install_Rap_CreativeTest_251202,0,,,,,,,,0.03,0.03,,,0.03,,16.363636,18,0,2025-12-03,2025-12-03,1.1,unknown,11,,,,,10,0.18,1,4,1,4,3,2
,1,,,,,,1,,,,,,15,,15,,,,15,,6920215545784,08_Red dress_I like it,6920211227584,Test_F_ILikeIt,6920175379984,FB_iOS_Install_Rap_CreativeTest_251202,0,,,,,,0.53,,0.035333,0.035333,,,0.035333,,12.619048,13.947368,0,2025-12-03,2025-12-03,1.105263,female,42,,,,,38,0.53,,4,,13,8,2
,,,,,,,,,,,,,3,,3,,,,3,,6920215545784,08_Red dress_I like it,6920211227584,Test_F_ILikeIt,6920175379984,FB_iOS_Install_Rap_CreativeTest_251202,0,,,,,,,,0.023333,0.023333,,,0.023333,,7.777778,8.75,0,2025-12-03,2025-12-03,1.125,male,9,,,,,8,0.07,,5,,2,3,3
,,,,,,,,,,,,,,,,,,,,,6920215545784,08_Red dress_I like it,6920211227584,Test_F_ILikeIt,6920175379984,FB_iOS_Install_Rap_CreativeTest_251202,0,,,,,,,,,,,,,,0,0,0,2025-12-03,2025-12-03,1,unknown,1,,,,,1,0,,2,,,,
,21,,,5,3,3,21,,,,,,110,,110,,,,105,,6920215745784,09_red lipstick_I like it,6920211227584,Test_F_ILikeIt,6920175379984,FB_iOS_Install_Rap_CreativeTest_251202,4,,0.952,"[{'action_type': 'outbound_click', 'value': '0.952'}]",0.952,1.586667,0.226667,,0.043273,0.043273,,,0.045333,1.19,13.296089,13.757225,1.117318,2025-12-03,2025-12-03,1.034682,female,358,1.396648,5,"[{'action_type': 'outbound_click', 'value': '5'}]","[{'action_type': 'outbound_click', 'value': '1.396648'}]",346,4.76,16,5,15,88,49,27
,13,,,2,2,2,13,,,,,,19,,19,,,,17,,6920215745784,09_red lipstick_I like it,6920211227584,Test_F_ILikeIt,6920175379984,FB_iOS_Install_Rap_CreativeTest_251202,2,,0.67,"[{'action_type': 'outbound_click', 'value': '0.67'}]",0.67,0.67,0.103077,,0.070526,0.070526,,,0.078824,0.67,18.356164,20.30303,2.739726,2025-12-03,2025-12-03,1.106061,male,73,2.739726,2,"[{'action_type': 'outbound_click', 'value': '2'}]","[{'action_type': 'outbound_click', 'value': '2.739726'}]",66,1.34,2,3,2,15,7,4
,,,,,,,,,,,,,1,,1,,,,1,,6920215745784,09_red lipstick_I like it,6920211227584,Test_F_ILikeIt,6920175379984,FB_iOS_Install_Rap_CreativeTest_251202,0,,,,,,,,0.04,0.04,,,0.04,,10,10,0,2025-12-03,2025-12-03,1,unknown,4,,,,,4,0.04,,2,,1,1,
,3,,,2,,,3,,,,,,43,,43,,,,41,,6920216268184,10_Red pants_I like it,6920211227584,Test_F_ILikeIt,6920175379984,FB_iOS_Install_Rap_CreativeTest_251202,2,,0.635,"[{'action_type': 'outbound_click', 'value': '0.635'}]",0.635,,0.423333,,0.029535,0.029535,,,0.030976,0.635,13.956044,14.941176,2.197802,2025-12-03,2025-12-03,1.070588,female,91,2.197802,2,"[{'action_type': 'outbound_click', 'value': '2'}]","[{'action_type': 'outbound_click', 'value': '2.197802'}]",85,1.27,5,5,4,38,20,12
,,,,,,,,,,,,,5,,5,1,1,,4,,6920216268184,10_Red pants_I like it,6920211227584,Test_F_ILikeIt,6920175379984,FB_iOS_Install_Rap_CreativeTest_251202,0,,,,,,,,0.062,0.062,0.31,,0.0775,,19.375,19.375,0,2025-12-03,2025-12-03,1,male,16,,,,,16,0.31,2,4,2,4,2,2
,,,,,,,,,,,,,,,,,,,,,6920216268184,10_Red pants_I like it,6920211227584,Test_F_ILikeIt,6920175379984,FB_iOS_Install_Rap_CreativeTest_251202,0,,,,,,,,,,,,,,10,10,0,2025-12-03,2025-12-03,1,unknown,2,,,,,2,0.02,,1,,,,
,8,,,11,,,8,,,,,,288,,288,2,2,,275,,6920216907984,11_yellow dress_I like it,6920211227584,Test_F_ILikeIt,6920175379984,FB_iOS_Install_Rap_CreativeTest_251202,10,,0.658182,"[{'action_type': 'outbound_click', 'value': '0.658182'}]",0.658182,,0.905,,0.025139,0.025139,3.62,,0.026327,0.724,12.525952,13.115942,1.730104,2025-12-03,2025-12-03,1.047101,female,578,1.903114,11,"[{'action_type': 'outbound_click', 'value': '11'}]","[{'action_type': 'outbound_click', 'value': '1.903114'}]",552,7.24,26,5,24,246,151,90
,,,,,,,,,,,,,60,,60,,,,60,,6920216907984,11_yellow dress_I like it,6920211227584,Test_F_ILikeIt,6920175379984,FB_iOS_Install_Rap_CreativeTest_251202,1,,,,,,,,0.031,0.031,,,0.031,1.86,10.877193,10.941176,0.584795,2025-12-03,2025-12-03,1.005882,male,171,,,,,170,1.86,2,3,2,51,19,10
,,,,,,,,,,,,,1,,1,,,,1,,6920216907984,11_yellow dress_I like it,6920211227584,Test_F_ILikeIt,6920175379984,FB_iOS_Install_Rap_CreativeTest_251202,0,,,,,,,,0.03,0.03,,,0.03,,10,15,0,2025-12-03,2025-12-03,1.5,unknown,3,,,,,2,0.03,,3,,1,1,
,5,,,4,2,2,5,,,,,,50,1,50,2,1,,44,,6920220511984,01_black4_Wap 1,6920220510584,Test_F_Wap1,6920175379984,FB_iOS_Install_Rap_CreativeTest_251202,6,,0.4,"[{'action_type': 'outbound_click', 'value': '0.4'}]",0.4,0.8,0.32,,0.032,0.032,0.8,,0.036364,0.266667,11.678832,12.698413,4.379562,2025-12-03,2025-12-03,1.087302,female,137,2.919708,4,"[{'action_type': 'outbound_click', 'value': '4'}]","[{'action_type': 'outbound_click', 'value': '2.919708'}]",126,1.6,8,4,8,41,27,17
,7,,,4,1,1,7,,,,,,107,,107,2,2,,101,,6920220511984,01_black4_Wap 1,6920220510584,Test_F_Wap1,6920175379984,FB_iOS_Install_Rap_CreativeTest_251202,4,,0.9925,"[{'action_type': 'outbound_click', 'value': '0.9925'}]",0.9925,3.97,0.567143,,0.037103,0.037103,1.985,,0.039307,0.9925,9.254079,10.205656,0.932401,2025-12-03,2025-12-03,1.102828,male,429,0.932401,4,"[{'action_type': 'outbound_click', 'value': '4'}]","[{'action_type': 'outbound_click', 'value': '0.932401'}]",389,3.97,4,3,3,92,52,24
,,,,,1,1,,,,,,,1,,1,,,,1,,6920220511984,01_black4_Wap 1,6920220510584,Test_F_Wap1,6920175379984,FB_iOS_Install_Rap_CreativeTest_251202,0,,,,,0.05,,,0.05,0.05,,,0.05,,12.5,12.5,0,2025-12-03,2025-12-03,1,unknown,4,,,,,4,0.05,,3,,1,1,
,194,2,,66,28,28,194,,,,,,1497,3,1497,25,22,,1406,,6920221871184,02_blackNew_Wap 1,6920220510584,Test_F_Wap1,6920175379984,FB_iOS_Install_Rap_CreativeTest_251202,70,,0.45197,"[{'action_type': 'outbound_click', 'value': '0.45197'}]",0.45197,1.065357,0.153763,,0.019927,0.019927,1.1932,,0.021216,0.426143,10.201778,10.581767,2.393981,2025-12-03,2025-12-03,1.037247,female,2924,2.257182,66,"[{'action_type': 'outbound_click', 'value': '66'}]","[{'action_type': 'outbound_click', 'value': '2.257182'}]",2819,29.83,136,5,131,1262,795,536
,14,,,6,2,2,14,,,,,,225,,225,1,1,,218,,6920221871184,02_blackNew_Wap 1,6920220510584,Test_F_Wap1,6920175379984,FB_iOS_Install_Rap_CreativeTest_251202,8,,0.893333,"[{'action_type': 'outbound_click', 'value': '0.893333'}]",0.893333,2.68,0.382857,,0.023822,0.023822,5.36,,0.024587,0.67,10.592885,10.634921,1.581028,2025-12-03,2025-12-03,1.003968,male,506,1.185771,6,"[{'action_type': 'outbound_click', 'value': '6'}]","[{'action_type': 'outbound_click', 'value': '1.185771'}]",504,5.36,14,6,13,196,110,63
,,,,,,,,,,,,,6,,6,,,,6,,6920221871184,02_blackNew_Wap 1,6920220510584,Test_F_Wap1,6920175379984,FB_iOS_Install_Rap_CreativeTest_251202,0,,,,,,,,0.016667,0.016667,,,0.016667,,7.692308,7.692308,0,2025-12-03,2025-12-03,1,unknown,13,,,,,13,0.1,,4,,5,3,2
,,,,,,,,,,,,,1,,1,,,,1,,6920222631184,03_blackbodysuit_Wap 1,6920220510584,Test_F_Wap1,6920175379984,FB_iOS_Install_Rap_CreativeTest_251202,0,,,,,,,,0.01,0.01,,,0.01,,10,10,0,2025-12-03,2025-12-03,1,female,1,,,,,1,0.01,,3,,,,
,,,,,,,,,,,,,,,,,,,,,6920222631184,03_blackbodysuit_Wap 1,6920220510584,Test_F_Wap1,6920175379984,FB_iOS_Install_Rap_CreativeTest_251202,0,,,,,,,,,,,,,,10,10,0,2025-12-03,2025-12-03,1,male,2,,,,,2,0.02,,2,,,,
,229,2,,96,28,28,229,,,1,1,,1936,6,1936,32,25,,1808,,6920223269984,04_fbg_Wap 1,6920220510584,Test_F_Wap1,6920175379984,FB_iOS_Install_Rap_CreativeTest_251202,94,,0.469688,"[{'action_type': 'outbound_click', 'value': '0.469688'}]",0.469688,1.610357,0.1969,,0.02329,0.02329,1.409063,,0.024939,0.479681,10.761337,11.354822,2.243437,2025-12-03,2025-12-03,1.05515,female,4190,2.291169,96,"[{'action_type': 'outbound_click', 'value': '96'}]","[{'action_type': 'outbound_click', 'value': '2.291169'}]",3971,45.09,199,4,188,1629,835,627
,28,,,14,2,2,28,,,,,,345,1,345,8,7,,323,,6920223269984,04_fbg_Wap 1,6920220510584,Test_F_Wap1,6920175379984,FB_iOS_Install_Rap_CreativeTest_251202,13,,0.604286,"[{'action_type': 'outbound_click', 'value': '0.604286'}]",0.604286,4.23,0.302143,,0.024522,0.024522,1.0575,,0.026192,0.650769,10.987013,11.54161,1.688312,2025-12-03,2025-12-03,1.050477,male,770,1.818182,14,"[{'action_type': 'outbound_click', 'value': '14'}]","[{'action_type': 'outbound_click', 'value': '1.818182'}]",733,8.46,37,4,34,289,146,113
,3,,,,,,3,,,,,,12,,12,,,,12,,6920223269984,04_fbg_Wap 1,6920220510584,Test_F_Wap1,6920175379984,FB_iOS_Install_Rap_CreativeTest_251202,0,,,,,,0.116667,,0.029167,0.029167,,,0.029167,,10.606061,10.606061,0,2025-12-03,2025-12-03,1,unknown,33,,,,,33,0.35,2,4,2,10,4,3
,,,,,,,,,,,,,1,,1,,,,1,,6920223592384,05_greendress_Wap 1,6920220510584,Test_F_Wap1,6920175379984,FB_iOS_Install_Rap_CreativeTest_251202,0,,,,,,,,0.03,0.03,,,0.03,,15,15,0,2025-12-03,2025-12-03,1,female,2,,,,,2,0.03,,3,,1,,
,,,,,,,,,,,,,1,,1,,,,1,,6920223592384,05_greendress_Wap 1,6920220510584,Test_F_Wap1,6920175379984,FB_iOS_Install_Rap_CreativeTest_251202,0,,,,,,,,0.02,0.02,,,0.02,,20,20,0,2025-12-03,2025-12-03,1,male,1,,,,,1,0.02,,9,,1,1,
,,,,,,,,,,,,,1,,1,,,,1,,6920223939184,06_green hair_Wap 1,6920220510584,Test_F_Wap1,6920175379984,FB_iOS_Install_Rap_CreativeTest_251202,0,,,,,,,,0.03,0.03,,,0.03,,10,10,0,2025-12-03,2025-12-03,1,male,3,,,,,3,0.03,,3,,1,1,
,,,,1,,,,,,,,,5,,5,,,,4,,6920226671784,07_nose ring_Wap 1,6920220510584,Test_F_Wap1,6920175379984,FB_iOS_Install_Rap_CreativeTest_251202,1,,0.39,"[{'action_type': 'outbound_click', 'value': '0.39'}]",0.39,,,,0.078,0.078,,,0.0975,0.39,21.666667,22.941176,5.555556,2025-12-03,2025-12-03,1.058824,female,18,5.555556,1,"[{'action_type': 'outbound_click', 'value': '1'}]","[{'action_type': 'outbound_click', 'value': '5.555556'}]",17,0.39,,2,,4,1,
,,,,3,1,1,,,,,,,27,,27,,,,24,,6920226671784,07_nose ring_Wap 1,6920220510584,Test_F_Wap1,6920175379984,FB_iOS_Install_Rap_CreativeTest_251202,3,,0.44,"[{'action_type': 'outbound_click', 'value': '0.44'}]",0.44,1.32,,,0.048889,0.048889,,,0.055,0.44,15.172414,16.923077,3.448276,2025-12-03,2025-12-03,1.115385,male,87,3.448276,3,"[{'action_type': 'outbound_click', 'value': '3'}]","[{'action_type': 'outbound_click', 'value': '3.448276'}]",78,1.32,1,3,1,19,14,6
,,,,,,,,,,,,,,,,,,,,,6920226671784,07_nose ring_Wap 1,6920220510584,Test_F_Wap1,6920175379984,FB_iOS_Install_Rap_CreativeTest_251202,0,,,,,,,,,,,,,,10,10,0,2025-12-03,2025-12-03,1,unknown,1,,,,,1,0.01,,1,,,,
,5,,,4,,,5,,,,,,28,,28,1,1,,23,,6920227125384,08_Red dress_Wap 1,6920220510584,Test_F_Wap1,6920175379984,FB_iOS_Install_Rap_CreativeTest_251202,3,,0.1775,"[{'action_type': 'outbound_click', 'value': '0.1775'}]",0.1775,,0.142,,0.025357,0.025357,0.71,,0.03087,0.236667,10.441176,10.597015,4.411765,2025-12-03,2025-12-03,1.014925,female,68,5.882353,4,"[{'action_type': 'outbound_click', 'value': '4'}]","[{'action_type': 'outbound_click', 'value': '5.882353'}]",67,0.71,3,4,2,20,12,9
,7,,,,2,2,7,,,,,,17,,17,,,,17,,6920227125384,08_Red dress_Wap 1,6920220510584,Test_F_Wap1,6920175379984,FB_iOS_Install_Rap_CreativeTest_251202,0,,,,,0.325,0.092857,,0.038235,0.038235,,,0.038235,,13,13.541667,0,2025-12-03,2025-12-03,1.041667,male,50,,,,,48,0.65,4,5,3,14,9,7
,,,,,,,,,,,,,7,,7,,,,7,,6920227655384,09_red lipstick_Wap 1,6920220510584,Test_F_Wap1,6920175379984,FB_iOS_Install_Rap_CreativeTest_251202,0,,,,,,,,0.034286,0.034286,,,0.034286,,13.333333,13.333333,0,2025-12-03,2025-12-03,1,female,18,,,,,18,0.24,,3,,5,3,1
,,,,1,,,,,,,,,16,,16,,,,15,,6920227655384,09_red lipstick_Wap 1,6920220510584,Test_F_Wap1,6920175379984,FB_iOS_Install_Rap_CreativeTest_251202,1,,0.52,"[{'action_type': 'outbound_click', 'value': '0.52'}]",0.52,,,,0.0325,0.0325,,,0.034667,0.52,11.818182,12.380952,2.272727,2025-12-03,2025-12-03,1.047619,male,44,2.272727,1,"[{'action_type': 'outbound_click', 'value': '1'}]","[{'action_type': 'outbound_click', 'value': '2.272727'}]",42,0.52,1,3,1,12,5,3
,,,,1,,,,,,,,,18,,18,,,,17,,6920227964784,10_Red pants_Wap 1,6920220510584,Test_F_Wap1,6920175379984,FB_iOS_Install_Rap_CreativeTest_251202,1,,0.39,"[{'action_type': 'outbound_click', 'value': '0.39'}]",0.39,,,,0.021667,0.021667,,,0.022941,0.39,11.142857,11.142857,2.857143,2025-12-03,2025-12-03,1,female,35,2.857143,1,"[{'action_type': 'outbound_click', 'value': '1'}]","[{'action_type': 'outbound_click', 'value': '2.857143'}]",35,0.39,2,5,1,14,10,4
,,,,,,,,,,,,,,,,,,,,,6920227964784,10_Red pants_Wap 1,6920220510584,Test_F_Wap1,6920175379984,FB_iOS_Install_Rap_CreativeTest_251202,0,,,,,,,,,,,,,,10,10,0,2025-12-03,2025-12-03,1,male,3,,,,,3,0.03,,1,,,,
,,,,,,,,,,,,,3,,3,,,,3,,6920228199384,11_yellow dress_Wap 1,6920220510584,Test_F_Wap1,6920175379984,FB_iOS_Install_Rap_CreativeTest_251202,0,,,,,,,,0.05,0.05,,,0.05,,15,15,0,2025-12-03,2025-12-03,1,female,10,,,,,10,0.15,,3,,3,2,1
,,,,1,,,,,,,,,4,,4,,,,3,,6920228199384,11_yellow dress_Wap 1,6920220510584,Test_F_Wap1,6920175379984,FB_iOS_Install_Rap_CreativeTest_251202,1,,0.1,"[{'action_type': 'outbound_click', 'value': '0.1'}]",0.1,,,,0.025,0.025,,,0.033333,0.1,11.111111,11.111111,11.111111,2025-12-03,2025-12-03,1,male,9,11.111111,1,"[{'action_type': 'outbound_click', 'value': '1'}]","[{'action_type': 'outbound_click', 'value': '11.111111'}]",9,0.1,1,4,1,3,2,1
,,,,,,,,,,,,,1,,1,,,,1,,6920228640584,01_black4_Wap 2,6920228641784,Test_F_Wap2,6920175379984,FB_iOS_Install_Rap_CreativeTest_251202,0,,,,,,,,0.01,0.01,,,0.01,,10,10,0,2025-12-03,2025-12-03,1,female,1,,,,,1,0.01,,5,,1,,
,,,,,,,,,,,,,3,,3,,,,3,,6920228640584,01_black4_Wap 2,6920228641784,Test_F_Wap2,6920175379984,FB_iOS_Install_Rap_CreativeTest_251202,0,,,,,,,,0.016667,0.016667,,,0.016667,,10,10,0,2025-12-03,2025-12-03,1,male,5,,,,,5,0.05,,7,,3,3,1
,572,1,,160,68,68,572,,,2,2,,3863,4,3863,54,48,,3649,,6920229519184,02_blackNew_Wap 2,6920228641784,Test_F_Wap2,6920175379984,FB_iOS_Install_Rap_CreativeTest_251202,160,,0.53,"[{'action_type': 'outbound_click', 'value': '0.53'}]",0.53,1.247059,0.148252,,0.021952,0.021952,1.57037,,0.023239,0.53,11.600547,11.827057,2.188782,2025-12-03,2025-12-03,1.019526,female,7310,2.188782,160,"[{'action_type': 'outbound_click', 'value': '160'}]","[{'action_type': 'outbound_click', 'value': '2.188782'}]",7170,84.8,497,5,470,3303,1998,1347
,2,,,3,,,2,,,,,,103,,103,2,2,,98,,6920229519184,02_blackNew_Wap 2,6920228641784,Test_F_Wap2,6920175379984,FB_iOS_Install_Rap_CreativeTest_251202,3,,0.91,"[{'action_type': 'outbound_click', 'value': '0.91'}]",0.91,,1.365,,0.026505,0.026505,1.365,,0.027857,0.91,10.664063,11.008065,1.171875,2025-12-03,2025-12-03,1.032258,male,256,1.171875,3,"[{'action_type': 'outbound_click', 'value': '3'}]","[{'action_type': 'outbound_click', 'value': '1.171875'}]",248,2.73,12,4,12,89,48,26
,,,,,,,,,,,,,11,,11,,,,11,,6920229519184,02_blackNew_Wap 2,6920228641784,Test_F_Wap2,6920175379984,FB_iOS_Install_Rap_CreativeTest_251202,0,,,,,,,,0.024545,0.024545,,,0.024545,,11.25,11.25,0,2025-12-03,2025-12-03,1,unknown,24,,,,,24,0.27,1,5,1,8,4,3
,,,,,,,,,,,,,,,,,,,,,6920230659184,03_blackbodysuit_Wap 2,6920228641784,Test_F_Wap2,6920175379984,FB_iOS_Install_Rap_CreativeTest_251202,0,,,,,,,,,,,,,,20,20,0,2025-12-03,2025-12-03,1,female,1,,,,,1,0.02,,1,,,,
,,,,,,,,,,,,,1,,1,,,,1,,6920230659184,03_blackbodysuit_Wap 2,6920228641784,Test_F_Wap2,6920175379984,FB_iOS_Install_Rap_CreativeTest_251202,0,,,,,,,,0.06,0.06,,,0.06,,6.666667,6.666667,0,2025-12-03,2025-12-03,1,male,9,,,,,9,0.06,,1,,,,
,,,,,,,,,,,,,3,,3,,,,3,,6920231203584,04_fbg_Wap 2,6920228641784,Test_F_Wap2,6920175379984,FB_iOS_Install_Rap_CreativeTest_251202,0,,,,,,,,0.03,0.03,,,0.03,,12.857143,12.857143,0,2025-12-03,2025-12-03,1,female,7,,,,,7,0.09,1,5,1,3,2,2
,,,,,,,,,,,,,3,,3,,,,3,,6920231203584,04_fbg_Wap 2,6920228641784,Test_F_Wap2,6920175379984,FB_iOS_Install_Rap_CreativeTest_251202,0,,,,,,,,0.06,0.06,,,0.06,,12.857143,12.857143,0,2025-12-03,2025-12-03,1,male,14,,,,,14,0.18,,3,,3,2,
,,,,,,,,,,,,,,,,,,,,,6920231786584,05_greendress_Wap 2,6920228641784,Test_F_Wap2,6920175379984,FB_iOS_Install_Rap_CreativeTest_251202,0,,,,,,,,,,,,,,6.666667,6.666667,0,2025-12-03,2025-12-03,1,female,3,,,,,3,0.02,,1,,,,
,,,,,,,,,,,,,1,,1,,,,1,,6920231786584,05_greendress_Wap 2,6920228641784,Test_F_Wap2,6920175379984,FB_iOS_Install_Rap_CreativeTest_251202,0,,,,,,,,0,0,,,0,,0,0,0,2025-12-03,2025-12-03,1,unknown,1,,,,,1,0,,11,,1,1,1
,,,,,,,,,,,,,,,,,,,,,6920232153584,06_green hair_Wap 2,6920228641784,Test_F_Wap2,6920175379984,FB_iOS_Install_Rap_CreativeTest_251202,0,,,,,,,,,,,,,,6.666667,6.666667,0,2025-12-03,2025-12-03,1,male,3,,,,,3,0.02,,1,,,,
,,,,,,,,,,,,,,,,,,,,,6920232426184,07_nose ring_Wap 2,6920228641784,Test_F_Wap2,6920175379984,FB_iOS_Install_Rap_CreativeTest_251202,0,,,,,,,,,,,,,,10,10,0,2025-12-03,2025-12-03,1,female,1,,,,,1,0.01,,2,,,,
,,,,,,,,,,,,,1,,1,,,,1,,6920232426184,07_nose ring_Wap 2,6920228641784,Test_F_Wap2,6920175379984,FB_iOS_Install_Rap_CreativeTest_251202,0,,,,,,,,0.08,0.08,,,0.08,,26.666667,40,0,2025-12-03,2025-12-03,1.5,male,3,,,,,2,0.08,,5,,1,1,1
,,,,,,,,,,,,,,,,,,,,,6920233824384,09_red lipstick_Wap 2,6920228641784,Test_F_Wap2,6920175379984,FB_iOS_Install_Rap_CreativeTest_251202,0,,,,,,,,,,,,,,7.5,7.5,0,2025-12-03,2025-12-03,1,female,4,,,,,4,0.03,,1,,,,
,,,,1,,,,,,,,,3,,3,,,,2,,6920233824384,09_red lipstick_Wap 2,6920228641784,Test_F_Wap2,6920175379984,FB_iOS_Install_Rap_CreativeTest_251202,1,,0.13,"[{'action_type': 'outbound_click', 'value': '0.13'}]",0.13,,,,0.043333,0.043333,,,0.065,0.13,13,13,10,2025-12-03,2025-12-03,1,male,10,10,1,"[{'action_type': 'outbound_click', 'value': '1'}]","[{'action_type': 'outbound_click', 'value': '10'}]",10,0.13,,2,,2,1,
,,,,,,,,,,,,,1,,1,,,,1,,6920234269584,10_Red pants_Wap 2,6920228641784,Test_F_Wap2,6920175379984,FB_iOS_Install_Rap_CreativeTest_251202,0,,,,,,,,0.04,0.04,,,0.04,,20,20,0,2025-12-03,2025-12-03,1,female,2,,,,,2,0.04,,11,,1,1,
,,,,,,,,,,,,,,,,,,,,,6920234269584,10_Red pants_Wap 2,6920228641784,Test_F_Wap2,6920175379984,FB_iOS_Install_Rap_CreativeTest_251202,0,,,,,,,,,,,,,,10,10,0,2025-12-03,2025-12-03,1,male,1,,,,,1,0.01,,1,,,,
,,,,1,,,,,,,,,6,,6,,,,5,,6920234806984,11_yellow dress_Wap 2,6920228641784,Test_F_Wap2,6920175379984,FB_iOS_Install_Rap_CreativeTest_251202,1,,0.09,"[{'action_type': 'outbound_click', 'value': '0.09'}]",0.09,,,,0.015,0.015,,,0.018,0.09,10,10,11.111111,2025-12-03,2025-12-03,1,female,9,11.111111,1,"[{'action_type': 'outbound_click', 'value': '1'}]","[{'action_type': 'outbound_click', 'value': '11.111111'}]",9,0.09,2,7,2,5,5,3
,,,,,,,,,,,,,,,,,,,,,6920234806984,11_yellow dress_Wap 2,6920228641784,Test_F_Wap2,6920175379984,FB_iOS_Install_Rap_CreativeTest_251202,0,,,,,,,,,,,,,,12.5,12.5,0,2025-12-03,2025-12-03,1,male,4,,,,,4,0.05,,1,,,,
,,,,,,,,,,,,,,,,,,,,,6920249722184,02_jesus_Nuthin But A G Thang,6920236297184,Test_F_GThang,6920175379984,FB_iOS_Install_Rap_CreativeTest_251202,0,,,,,,,,,,,,,,7,7,0,2025-12-03,2025-12-03,1,male,10,,,,,10,0.07,,1,,,,
,,,,,,,,,,,,,,,,,,,,,6920250345984,03_Mike T_Nuthin But A G Thang,6920236297184,Test_F_GThang,6920175379984,FB_iOS_Install_Rap_CreativeTest_251202,0,,,,,,,,,,,,,,10,10,0,2025-12-03,2025-12-03,1,male,1,,,,,1,0.01,,1,,,,
,,,,,,,,,,,,,,,,,,,,,6920250345984,03_Mike T_Nuthin But A G Thang,6920236297184,Test_F_GThang,6920175379984,FB_iOS_Install_Rap_CreativeTest_251202,0,,,,,,,,,,,,,,0,0,0,2025-12-03,2025-12-03,1,unknown,1,,,,,1,0,,0,,,,
,3,,,2,,,3,,,,,,120,,120,2,2,,116,,6920251011584,04_MorganF_Nuthin But A G Thang,6920236297184,Test_F_GThang,6920175379984,FB_iOS_Install_Rap_CreativeTest_251202,2,,1.22,"[{'action_type': 'outbound_click', 'value': '1.22'}]",1.22,,0.813333,,0.020333,0.020333,1.22,,0.021034,1.22,9.312977,9.83871,0.763359,2025-12-03,2025-12-03,1.056452,female,262,0.763359,2,"[{'action_type': 'outbound_click', 'value': '2'}]","[{'action_type': 'outbound_click', 'value': '0.763359'}]",248,2.44,14,4,12,107,58,36
1,772,6,1,272,77,77,772,1,1,1,1,1,4512,26,4512,102,74,1,4138,1,6920251011584,04_MorganF_Nuthin But A G Thang,6920236297184,Test_F_GThang,6920175379984,FB_iOS_Install_Rap_CreativeTest_251202,260,"[{'action_type': 'subscribe_mobile_app', 'value': '42.17'}, {'action_type': 'subscribe_total', 'value': '42.17'}]",0.310074,"[{'action_type': 'outbound_click', 'value': '0.310074'}]",0.310074,1.095325,0.109249,84.34,0.018692,0.018692,0.826863,84.34,0.020382,0.324385,9.256942,9.704292,2.853693,2025-12-03,2025-12-03,1.048326,male,9111,2.985402,272,"[{'action_type': 'outbound_click', 'value': '272'}]","[{'action_type': 'outbound_click', 'value': '2.985402'}]",8691,84.34,428,5,400,3663,1990,1135
,5,,,1,2,2,5,,,,,,20,,20,,,,19,,6920251011584,04_MorganF_Nuthin But A G Thang,6920236297184,Test_F_GThang,6920175379984,FB_iOS_Install_Rap_CreativeTest_251202,2,,0.64,"[{'action_type': 'outbound_click', 'value': '0.64'}]",0.64,0.32,0.128,,0.032,0.032,,,0.033684,0.32,11.636364,12.54902,3.636364,2025-12-03,2025-12-03,1.078431,unknown,55,1.818182,1,"[{'action_type': 'outbound_click', 'value': '1'}]","[{'action_type': 'outbound_click', 'value': '1.818182'}]",51,0.64,2,3,2,12,7,2
,,,,,,,,,,,,,2,1,2,1,,,1,,6920251233984,05_Snoop_Nuthin But A G Thang,6920236297184,Test_F_GThang,6920175379984,FB_iOS_Install_Rap_CreativeTest_251202,0,,,,,,,,0.005,0.005,0.01,,0.01,,5,5,0,2025-12-03,2025-12-03,1,male,2,,,,,2,0.01,1,10,1,1,1,1
,,,,,,,,,,,,,,,,,,,,,6920251233984,05_Snoop_Nuthin But A G Thang,6920236297184,Test_F_GThang,6920175379984,FB_iOS_Install_Rap_CreativeTest_251202,0,,,,,,,,,,,,,,0,0,0,2025-12-03,2025-12-03,1,unknown,1,,,,,1,0,,,,,,
,,,,,,,,,,,,,3,,3,,,,3,,6920251657184,06_WillS_Nuthin But A G Thang,6920236297184,Test_F_GThang,6920175379984,FB_iOS_Install_Rap_CreativeTest_251202,0,,,,,,,,0.023333,0.023333,,,0.023333,,8.75,8.75,0,2025-12-03,2025-12-03,1,female,8,,,,,8,0.07,,4,,2,1,1
,9,,,4,1,1,9,,,,,,97,,97,1,1,,92,,6920251657184,06_WillS_Nuthin But A G Thang,6920236297184,Test_F_GThang,6920175379984,FB_iOS_Install_Rap_CreativeTest_251202,6,,0.6225,"[{'action_type': 'outbound_click', 'value': '0.6225'}]",0.6225,2.49,0.276667,,0.02567,0.02567,2.49,,0.027065,0.415,10.204918,10.641026,2.459016,2025-12-03,2025-12-03,1.042735,male,244,1.639344,4,"[{'action_type': 'outbound_click', 'value': '4'}]","[{'action_type': 'outbound_click', 'value': '1.639344'}]",234,2.49,10,4,10,84,36,22
,60,1,,42,5,5,60,,,,,,737,1,737,5,4,,690,,6920980158184,01_Eddie_tsong,6920922044384,Gospel_Singing_251203,6920922044184,FB_iOS_Install_Rap_SingingTest_251203,41,,0.419762,"[{'action_type': 'outbound_click', 'value': '0.419762'}]",0.419762,3.526,0.293833,,0.023921,0.023921,3.526,,0.025551,0.43,11.985044,13.509579,2.78722,2025-12-03,2025-12-03,1.127203,female,1471,2.855201,42,"[{'action_type': 'outbound_click', 'value': '42'}]","[{'action_type': 'outbound_click', 'value': '2.855201'}]",1305,17.63,100,5,94,617,323,210
,158,1,,103,18,18,158,,,3,3,,1304,5,1304,14,6,,1187,,6920980158184,01_Eddie_tsong,6920922044384,Gospel_Singing_251203,6920922044184,FB_iOS_Install_Rap_SingingTest_251203,96,,0.294369,"[{'action_type': 'outbound_click', 'value': '0.294369'}]",0.294369,1.684444,0.191899,,0.023252,0.023252,2.165714,,0.025543,0.315833,10.867384,11.890196,3.44086,2025-12-03,2025-12-03,1.094118,male,2790,3.691756,103,"[{'action_type': 'outbound_click', 'value': '103'}]","[{'action_type': 'outbound_click', 'value': '3.691756'}]",2550,30.32,145,6,142,1043,563,384
,1,,,1,1,1,1,,,,,,13,,13,,,,12,,6920980158184,01_Eddie_tsong,6920922044384,Gospel_Singing_251203,6920922044184,FB_iOS_Install_Rap_SingingTest_251203,1,,0.29,"[{'action_type': 'outbound_click', 'value': '0.29'}]",0.29,0.29,0.29,,0.022308,0.022308,,,0.024167,0.29,11.153846,12.083333,3.846154,2025-12-03,2025-12-03,1.083333,unknown,26,3.846154,1,"[{'action_type': 'outbound_click', 'value': '1'}]","[{'action_type': 'outbound_click', 'value': '3.846154'}]",24,0.29,3,7,3,10,5,4
,,,,,,,,,,,,,6,,6,,,,6,,6920984249384,02_Jesus_tsong,6920922044384,Gospel_Singing_251203,6920922044184,FB_iOS_Install_Rap_SingingTest_251203,0,,,,,,,,0.04,0.04,,,0.04,,10.434783,10.909091,0,2025-12-03,2025-12-03,1.045455,female,23,,,,,22,0.24,1,3,1,6,2,1
,,,,,,,,,,,,,23,,23,1,1,,22,,6920984249384,02_Jesus_tsong,6920922044384,Gospel_Singing_251203,6920922044184,FB_iOS_Install_Rap_SingingTest_251203,0,,,,,,,,0.043043,0.043043,0.99,,0.045,,14.558824,15.967742,0,2025-12-03,2025-12-03,1.096774,male,68,,,,,62,0.99,3,4,2,19,8,4
,,,,,,,,,,,,,1,,1,,,,1,,6920984249384,02_Jesus_tsong,6920922044384,Gospel_Singing_251203,6920922044184,FB_iOS_Install_Rap_SingingTest_251203,0,,,,,,,,0,0,,,0,,0,0,0,2025-12-03,2025-12-03,1,unknown,1,,,,,1,0,,5,,1,,
,2,,,1,,,2,,,,,,26,,26,,,,25,,6920985136984,03_lebron_tsong,6920922044384,Gospel_Singing_251203,6920922044184,FB_iOS_Install_Rap_SingingTest_251203,1,,0.69,"[{'action_type': 'outbound_click', 'value': '0.69'}]",0.69,,0.345,,0.026538,0.026538,,,0.0276,0.69,9.71831,10.615385,1.408451,2025-12-03,2025-12-03,1.092308,female,71,1.408451,1,"[{'action_type': 'outbound_click', 'value': '1'}]","[{'action_type': 'outbound_click', 'value': '1.408451'}]",65,0.69,1,4,1,23,18,9
,32,,,23,6,6,32,,,2,2,,275,2,275,10,6,,242,,6920985136984,03_lebron_tsong,6920922044384,Gospel_Singing_251203,6920922044184,FB_iOS_Install_Rap_SingingTest_251203,22,,0.312174,"[{'action_type': 'outbound_click', 'value': '0.312174'}]",0.312174,1.196667,0.224375,,0.026109,0.026109,0.718,,0.029669,0.326364,10.652819,11.732026,3.264095,2025-12-03,2025-12-03,1.101307,male,674,3.412463,23,"[{'action_type': 'outbound_click', 'value': '23'}]","[{'action_type': 'outbound_click', 'value': '3.412463'}]",612,7.18,32,4,31,218,122,90
,,,,,,,,,,,,,3,,3,,,,3,,6920985136984,03_lebron_tsong,6920922044384,Gospel_Singing_251203,6920922044184,FB_iOS_Install_Rap_SingingTest_251203,0,,,,,,,,0.013333,0.013333,,,0.013333,,8,8,0,2025-12-03,2025-12-03,1,unknown,5,,,,,5,0.04,,4,,3,1,1
,,,,1,,,,,,,,,17,,17,,,,16,,6920988287784,04_MorganF_Thong Song,6920922044384,Gospel_Singing_251203,6920922044184,FB_iOS_Install_Rap_SingingTest_251203,1,,0.45,"[{'action_type': 'outbound_click', 'value': '0.45'}]",0.45,,,,0.026471,0.026471,,,0.028125,0.45,15.517241,16.071429,3.448276,2025-12-03,2025-12-03,1.035714,female,29,3.448276,1,"[{'action_type': 'outbound_click', 'value': '1'}]","[{'action_type': 'outbound_click', 'value': '3.448276'}]",28,0.45,3,6,2,15,10,7
,1,,,2,,,1,,,,,,31,,31,2,2,,27,,6920988287784,04_MorganF_Thong Song,6920922044384,Gospel_Singing_251203,6920922044184,FB_iOS_Install_Rap_SingingTest_251203,2,,0.585,"[{'action_type': 'outbound_click', 'value': '0.585'}]",0.585,,1.17,,0.037742,0.037742,0.585,,0.043333,0.585,10.263158,10.833333,1.754386,2025-12-03,2025-12-03,1.055556,male,114,1.754386,2,"[{'action_type': 'outbound_click', 'value': '2'}]","[{'action_type': 'outbound_click', 'value': '1.754386'}]",108,1.17,4,4,4,25,11,7
,,,,,,,,,,,,,,,,,,,,,6920988287784,04_MorganF_Thong Song,6920922044384,Gospel_Singing_251203,6920922044184,FB_iOS_Install_Rap_SingingTest_251203,0,,,,,,,,,,,,,,0,0,0,2025-12-03,2025-12-03,1,unknown,1,,,,,1,0,,2,,,,
,,,,,,,,,,,,,,,,,,,,,6920988497984,05_SamJ_Thong Song,6920922044384,Gospel_Singing_251203,6920922044184,FB_iOS_Install_Rap_SingingTest_251203,0,,,,,,,,,,,,,,0,0,0,2025-12-03,2025-12-03,1,female,1,,,,,1,0,,2,,,,
,7,,,4,1,1,7,,,,,,60,,60,,,,56,,6920988705984,06_Snoop_Thong Song,6920922044384,Gospel_Singing_251203,6920922044184,FB_iOS_Install_Rap_SingingTest_251203,4,,0.42,"[{'action_type': 'outbound_click', 'value': '0.42'}]",0.42,1.68,0.24,,0.028,0.028,,,0.03,0.42,14.237288,15.135135,3.389831,2025-12-03,2025-12-03,1.063063,female,118,3.389831,4,"[{'action_type': 'outbound_click', 'value': '4'}]","[{'action_type': 'outbound_click', 'value': '3.389831'}]",111,1.68,8,6,7,50,24,18
,8,,,7,,,8,,,,,,124,,124,1,1,,116,,6920988705984,06_Snoop_Thong Song,6920922044384,Gospel_Singing_251203,6920922044184,FB_iOS_Install_Rap_SingingTest_251203,6,,0.548571,"[{'action_type': 'outbound_click', 'value': '0.548571'}]",0.548571,,0.48,,0.030968,0.030968,3.84,,0.033103,0.64,10.847458,11.888545,1.694915,2025-12-03,2025-12-03,1.095975,male,354,1.977401,7,"[{'action_type': 'outbound_click', 'value': '7'}]","[{'action_type': 'outbound_click', 'value': '1.977401'}]",323,3.84,13,4,10,101,43,28
,,,,,,,,,,,,,1,,1,,,,1,,6920988705984,06_Snoop_Thong Song,6920922044384,Gospel_Singing_251203,6920922044184,FB_iOS_Install_Rap_SingingTest_251203,0,,,,,,,,0.02,0.02,,,0.02,,6.666667,6.666667,0,2025-12-03,2025-12-03,1,unknown,3,,,,,3,0.02,,4,,1,,
,13,,,2,2,2,13,,,,,,32,,32,,,,30,,6920988839184,07_Rock_Thong Song,6920922044384,Gospel_Singing_251203,6920922044184,FB_iOS_Install_Rap_SingingTest_251203,2,,0.43,"[{'action_type': 'outbound_click', 'value': '0.43'}]",0.43,0.43,0.066154,,0.026875,0.026875,,,0.028667,0.43,12.285714,12.647059,2.857143,2025-12-03,2025-12-03,1.029412,female,70,2.857143,2,"[{'action_type': 'outbound_click', 'value': '2'}]","[{'action_type': 'outbound_click', 'value': '2.857143'}]",68,0.86,1,4,1,21,13,6
,77,1,,20,8,8,77,,,,,,328,2,328,4,2,,304,,6920988839184,07_Rock_Thong Song,6920922044384,Gospel_Singing_251203,6920922044184,FB_iOS_Install_Rap_SingingTest_251203,19,,0.3795,"[{'action_type': 'outbound_click', 'value': '0.3795'}]",0.3795,0.94875,0.098571,,0.02314,0.02314,1.8975,,0.024967,0.399474,11.482602,12.381729,2.874433,2025-12-03,2025-12-03,1.078303,male,661,3.025719,20,"[{'action_type': 'outbound_click', 'value': '20'}]","[{'action_type': 'outbound_click', 'value': '3.025719'}]",613,7.59,31,5,27,277,147,93
,3,,,1,,,3,,,,,,2,,2,,,,1,,6920988839184,07_Rock_Thong Song,6920922044384,Gospel_Singing_251203,6920922044184,FB_iOS_Install_Rap_SingingTest_251203,1,,0.06,"[{'action_type': 'outbound_click', 'value': '0.06'}]",0.06,,0.02,,0.03,0.03,,,0.06,0.06,20,20,33.333333,2025-12-03,2025-12-03,1,unknown,3,33.333333,1,"[{'action_type': 'outbound_click', 'value': '1'}]","[{'action_type': 'outbound_click', 'value': '33.333333'}]",3,0.06,1,6,1,1,1,1
,,,,,,,,,,,,,1,,1,,,,1,,6920989126984,08_TomC_Thong Song,6920922044384,Gospel_Singing_251203,6920922044184,FB_iOS_Install_Rap_SingingTest_251203,0,,,,,,,,0.02,0.02,,,0.02,,10,10,0,2025-12-03,2025-12-03,1,female,2,,,,,2,0.02,,3,,1,,
,,,,1,,,,,,,,,2,,2,,,,1,,6920989126984,08_TomC_Thong Song,6920922044384,Gospel_Singing_251203,6920922044184,FB_iOS_Install_Rap_SingingTest_251203,1,,0.05,"[{'action_type': 'outbound_click', 'value': '0.05'}]",0.05,,,,0.025,0.025,,,0.05,0.05,25,25,50,2025-12-03,2025-12-03,1,male,2,50,1,"[{'action_type': 'outbound_click', 'value': '1'}]","[{'action_type': 'outbound_click', 'value': '50'}]",2,0.05,,3,,1,,
,,,,,,,,,,,,,9,,9,,,,9,,6920989556584,09_WillS_hong Song,6920922044384,Gospel_Singing_251203,6920922044184,FB_iOS_Install_Rap_SingingTest_251203,0,,,,,,,,0.026667,0.026667,,,0.026667,,11.428571,12.631579,0,2025-12-03,2025-12-03,1.105263,female,21,,,,,19,0.24,,3,,8,,
,17,,,6,1,1,17,,,,,,60,,60,,,,54,,6920989556584,09_WillS_hong Song,6920922044384,Gospel_Singing_251203,6920922044184,FB_iOS_Install_Rap_SingingTest_251203,6,,0.251667,"[{'action_type': 'outbound_click', 'value': '0.251667'}]",0.251667,1.51,0.088824,,0.025167,0.025167,,,0.027963,0.251667,12.177419,12.689076,4.83871,2025-12-03,2025-12-03,1.042017,male,124,4.83871,6,"[{'action_type': 'outbound_click', 'value': '6'}]","[{'action_type': 'outbound_click', 'value': '4.83871'}]",119,1.51,8,6,8,50,29,20
,,,,,,,,,,,,,,,,,,,,,6920989556584,09_WillS_hong Song,6920922044384,Gospel_Singing_251203,6920922044184,FB_iOS_Install_Rap_SingingTest_251203,0,,,,,,,,,,,,,,10,10,0,2025-12-03,2025-12-03,1,unknown,1,,,,,1,0.01,,1,,,,
,,,,,,,,,,,,,1,,1,,,,1,,6920992821584,04 will_rapGod - Copy,6920991033184,FB_iOS_itoshi_rap_set2_271125 (from install 1),6920965699384,FB_iOS_Purchase_Rap_251203,0,,,,,,,,0.04,0.04,,,0.04,,20,20,0,2025-12-03,2025-12-03,1,female,2,,,,,2,0.04,,4,,1,,
,,,,,,,,,,,,,,,,,,,,,6920992821584,04 will_rapGod - Copy,6920991033184,FB_iOS_itoshi_rap_set2_271125 (from install 1),6920965699384,FB_iOS_Purchase_Rap_251203,0,,,,,,,,,,,,,,0,0,0,2025-12-03,2025-12-03,1,male,2,,,,,2,0,,1,,,,
,,,,,,,,,,,,,,,,,,,,,6920992822384,04 Will_sicko - Copy,6920991033184,FB_iOS_itoshi_rap_set2_271125 (from install 1),6920965699384,FB_iOS_Purchase_Rap_251203,0,,,,,,,,,,,,,,20,20,0,2025-12-03,2025-12-03,1,male,1,,,,,1,0.02,,1,,,,
,,,,3,,,,,,,,,28,,28,2,2,,23,,6920992822584,04 Morgan_Gin - Copy,6920991033184,FB_iOS_itoshi_rap_set2_271125 (from install 1),6920965699384,FB_iOS_Purchase_Rap_251203,3,,0.606667,"[{'action_type': 'outbound_click', 'value': '0.606667'}]",0.606667,,,,0.065,0.065,0.91,,0.07913,0.606667,26,26.376812,4.285714,2025-12-03,2025-12-03,1.014493,female,70,4.285714,3,"[{'action_type': 'outbound_click', 'value': '3'}]","[{'action_type': 'outbound_click', 'value': '4.285714'}]",69,1.82,1,3,1,21,12,9
,100,2,1,57,10,10,100,,,,,,987,6,987,23,16,,907,,6920992822584,04 Morgan_Gin - Copy,6920991033184,FB_iOS_itoshi_rap_set2_271125 (from install 1),6920965699384,FB_iOS_Purchase_Rap_251203,61,,0.843333,"[{'action_type': 'outbound_click', 'value': '0.843333'}]",0.843333,4.807,0.4807,,0.048703,0.048703,2.09,,0.052999,0.788033,24.131526,24.958463,3.062249,2025-12-03,2025-12-03,1.034268,male,1992,2.861446,57,"[{'action_type': 'outbound_click', 'value': '57'}]","[{'action_type': 'outbound_click', 'value': '2.861446'}]",1926,48.07,95,5,94,818,394,252
,,,,,,,,,,,,,4,,4,,,,4,,6920992822584,04 Morgan_Gin - Copy,6920991033184,FB_iOS_itoshi_rap_set2_271125 (from install 1),6920965699384,FB_iOS_Purchase_Rap_251203,0,,,,,,,,0.05,0.05,,,0.05,,14.285714,14.285714,0,2025-12-03,2025-12-03,1,unknown,14,,,,,14,0.2,,3,,4,2,2
,,,,,,,,,,,,,,,,,,,,,6920992822784,03 Mike_gin - Copy,6920991033184,FB_iOS_itoshi_rap_set2_271125 (from install 1),6920965699384,FB_iOS_Purchase_Rap_251203,0,,,,,,,,,,,,,,5,5,0,2025-12-03,2025-12-03,1,male,4,,,,,4,0.02,,1,,,,
,,,,,,,,,,,,,3,,3,,,,3,,6920992822984,02 Mike_sicko - Copy,6920991033184,FB_iOS_itoshi_rap_set2_271125 (from install 1),6920965699384,FB_iOS_Purchase_Rap_251203,0,,,,,,,,0.02,0.02,,,0.02,,8.571429,8.571429,0,2025-12-03,2025-12-03,1,male,7,,,,,7,0.06,,3,,2,,
,,,,,,,,,,,,,,,,,,,,,6920992823184,03 Snoop_sicko - Copy,6920991033184,FB_iOS_itoshi_rap_set2_271125 (from install 1),6920965699384,FB_iOS_Purchase_Rap_251203,0,,,,,,,,,,,,,,0,0,0,2025-12-03,2025-12-03,1,female,1,,,,,1,0,,1,,,,
,,,,,,,,,,,,,3,,3,1,1,,2,,6920992823184,03 Snoop_sicko - Copy,6920991033184,FB_iOS_itoshi_rap_set2_271125 (from install 1),6920965699384,FB_iOS_Purchase_Rap_251203,0,,,,,,,,0.006667,0.006667,0.02,,0.01,,10,10,0,2025-12-03,2025-12-03,1,male,2,,,,,2,0.02,,4,,1,,
,,,,1,,,,,,,,,12,,12,,,,11,,6920992823584,02 Eddie_Snoop - Copy,6920991033184,FB_iOS_itoshi_rap_set2_271125 (from install 1),6920965699384,FB_iOS_Purchase_Rap_251203,1,,0.86,"[{'action_type': 'outbound_click', 'value': '0.86'}]",0.86,,,,0.071667,0.071667,,,0.078182,0.86,35.833333,35.833333,4.166667,2025-12-03,2025-12-03,1,female,24,4.166667,1,"[{'action_type': 'outbound_click', 'value': '1'}]","[{'action_type': 'outbound_click', 'value': '4.166667'}]",24,0.86,2,4,2,11,7,3
,18,,1,16,6,6,18,,,,,,382,1,382,9,7,,357,,6920992823584,02 Eddie_Snoop - Copy,6920991033184,FB_iOS_itoshi_rap_set2_271125 (from install 1),6920965699384,FB_iOS_Purchase_Rap_251203,19,,1.04625,"[{'action_type': 'outbound_click', 'value': '1.04625'}]",1.04625,2.79,0.93,,0.043822,0.043822,1.86,,0.046891,0.881053,19.694118,19.694118,2.235294,2025-12-03,2025-12-03,1,male,850,1.882353,16,"[{'action_type': 'outbound_click', 'value': '16'}]","[{'action_type': 'outbound_click', 'value': '1.882353'}]",850,16.74,24,4,22,318,155,95
,,,,,,,,,,,,,3,,3,,,,3,,6920992823584,02 Eddie_Snoop - Copy,6920991033184,FB_iOS_itoshi_rap_set2_271125 (from install 1),6920965699384,FB_iOS_Purchase_Rap_251203,0,,,,,,,,0.033333,0.033333,,,0.033333,,25,25,0,2025-12-03,2025-12-03,1,unknown,4,,,,,4,0.1,,5,,3,1,1
,,,,,,,,,,,,,,,,,,,,,6920992823784,02 Mike_rapGod - Copy,6920991033184,FB_iOS_itoshi_rap_set2_271125 (from install 1),6920965699384,FB_iOS_Purchase_Rap_251203,0,,,,,,,,,,,,,,10,10,0,2025-12-03,2025-12-03,1,male,1,,,,,1,0.01,,1,,,,
,,,,,,,,,,,,,,,,,,,,,6920992823984,01 Santa_slim - Copy,6920991033184,FB_iOS_itoshi_rap_set2_271125 (from install 1),6920965699384,FB_iOS_Purchase_Rap_251203,0,,,,,,,,,,,,,,10,10,0,2025-12-03,2025-12-03,1,female,2,,,,,2,0.02,,1,,,,
,,,,,,,,,,,,,,,,,,,,,6920992823984,01 Santa_slim - Copy,6920991033184,FB_iOS_itoshi_rap_set2_271125 (from install 1),6920965699384,FB_iOS_Purchase_Rap_251203,0,,,,,,,,,,,,,,10,10,0,2025-12-03,2025-12-03,1,male,1,,,,,1,0.01,,3,,,,
,,,,,,,,,,,,,1,,1,,,,1,,6920992824184,01 Jesus_travis - Copy,6920991033184,FB_iOS_itoshi_rap_set2_271125 (from install 1),6920965699384,FB_iOS_Purchase_Rap_251203,0,,,,,,,,0,0,,,0,,0,0,0,2025-12-03,2025-12-03,1,female,1,,,,,1,0,,5,,1,,
,,,,,,,,,,,,,5,,5,,,,5,,6920992824184,01 Jesus_travis - Copy,6920991033184,FB_iOS_itoshi_rap_set2_271125 (from install 1),6920965699384,FB_iOS_Purchase_Rap_251203,0,,,,,,,,0.034,0.034,,,0.034,,10.625,11.333333,0,2025-12-03,2025-12-03,1.066667,male,16,,,,,15,0.17,2,6,1,5,3,2
,,,,,,,,,,,,,,,,,,,,,6920994402584,07_nose ring_Big energy - Copy,6920991773384,F_Purhcase_Rap_BigEnergy_251203,6920965699384,FB_iOS_Purchase_Rap_251203,0,,,,,,,,,,,,,,30,30,0,2025-12-03,2025-12-03,1,female,1,,,,,1,0.03,,1,,,,
,,,,,,,,,,,,,,,,,,,,,6920994402584,07_nose ring_Big energy - Copy,6920991773384,F_Purhcase_Rap_BigEnergy_251203,6920965699384,FB_iOS_Purchase_Rap_251203,0,,,,,,,,,,,,,,82,102.5,0,2025-12-03,2025-12-03,1.25,male,5,,,,,4,0.41,,1,,,,
,,,,,,,,,,,,,1,,1,,,,1,,6920994402784,09_red lipstick_Big energy - Copy,6920991773384,F_Purhcase_Rap_BigEnergy_251203,6920965699384,FB_iOS_Purchase_Rap_251203,0,,,,,,,,0.08,0.08,,,0.08,,26.666667,26.666667,0,2025-12-03,2025-12-03,1,female,3,,,,,3,0.08,,3,,1,,
,,,,1,,,,,,,,,6,,6,,,,5,,6920994402784,09_red lipstick_Big energy - Copy,6920991773384,F_Purhcase_Rap_BigEnergy_251203,6920965699384,FB_iOS_Purchase_Rap_251203,1,,0.17,"[{'action_type': 'outbound_click', 'value': '0.17'}]",0.17,,,,0.028333,0.028333,,,0.034,0.17,21.25,21.25,12.5,2025-12-03,2025-12-03,1,male,8,12.5,1,"[{'action_type': 'outbound_click', 'value': '1'}]","[{'action_type': 'outbound_click', 'value': '12.5'}]",8,0.17,1,7,1,5,3,2
,32,,,7,3,3,32,,,,,,186,,186,2,2,,177,,6920994402984,06_green hair_Big energy - Copy,6920991773384,F_Purhcase_Rap_BigEnergy_251203,6920965699384,FB_iOS_Purchase_Rap_251203,9,,1.647143,"[{'action_type': 'outbound_click', 'value': '1.647143'}]",1.647143,3.843333,0.360313,,0.061989,0.061989,5.765,,0.065141,1.281111,25.910112,28.190709,2.022472,2025-12-03,2025-12-03,1.08802,female,445,1.573034,7,"[{'action_type': 'outbound_click', 'value': '7'}]","[{'action_type': 'outbound_click', 'value': '1.573034'}]",409,11.53,14,4,14,149,68,41
,20,,,5,3,3,20,,,,,,69,1,69,2,1,,62,,6920994402984,06_green hair_Big energy - Copy,6920991773384,F_Purhcase_Rap_BigEnergy_251203,6920965699384,FB_iOS_Purchase_Rap_251203,6,,0.936,"[{'action_type': 'outbound_click', 'value': '0.936'}]",0.936,1.56,0.234,,0.067826,0.067826,2.34,,0.075484,0.78,25.026738,26.440678,3.208556,2025-12-03,2025-12-03,1.056497,male,187,2.673797,5,"[{'action_type': 'outbound_click', 'value': '5'}]","[{'action_type': 'outbound_click', 'value': '2.673797'}]",177,4.68,13,5,13,58,33,23
,,,,,,,,,,,,,,,,,,,,,6920994402984,06_green hair_Big energy - Copy,6920991773384,F_Purhcase_Rap_BigEnergy_251203,6920965699384,FB_iOS_Purchase_Rap_251203,0,,,,,,,,,,,,,,16.666667,16.666667,0,2025-12-03,2025-12-03,1,unknown,3,,,,,3,0.05,,1,,,,
,,,,,,,,,,,,,1,,1,,,,1,,6920994403184,01_black4_Big energy - Copy,6920991773384,F_Purhcase_Rap_BigEnergy_251203,6920965699384,FB_iOS_Purchase_Rap_251203,0,,,,,,,,0.06,0.06,,,0.06,,30,30,0,2025-12-03,2025-12-03,1,female,2,,,,,2,0.06,,3,,1,,
,,,,,,,,,,,,,1,,1,,,,1,,6920994403184,01_black4_Big energy - Copy,6920991773384,F_Purhcase_Rap_BigEnergy_251203,6920965699384,FB_iOS_Purchase_Rap_251203,0,,,,,,,,0.13,0.13,,,0.13,,32.5,32.5,0,2025-12-03,2025-12-03,1,male,4,,,,,4,0.13,,2,,1,,
,,,,1,1,1,,,,,,,5,,5,,,,4,,6920994403384,10_Red pants_Big energy - Copy,6920991773384,F_Purhcase_Rap_BigEnergy_251203,6920965699384,FB_iOS_Purchase_Rap_251203,1,,0.46,"[{'action_type': 'outbound_click', 'value': '0.46'}]",0.46,0.46,,,0.092,0.092,,,0.115,0.46,51.111111,51.111111,11.111111,2025-12-03,2025-12-03,1,female,9,11.111111,1,"[{'action_type': 'outbound_click', 'value': '1'}]","[{'action_type': 'outbound_click', 'value': '11.111111'}]",9,0.46,,4,,3,2,1
,,,,,,,,,,,,,2,,2,,,,2,,6920994403384,10_Red pants_Big energy - Copy,6920991773384,F_Purhcase_Rap_BigEnergy_251203,6920965699384,FB_iOS_Purchase_Rap_251203,0,,,,,,,,0.035,0.035,,,0.035,,14,14,0,2025-12-03,2025-12-03,1,male,5,,,,,5,0.07,,2,,1,1,
,113,2,,46,11,11,113,,,,,,667,,667,5,5,,616,,6920994403584,03_blackbodysuit_Big energy - Copy,6920991773384,F_Purhcase_Rap_BigEnergy_251203,6920965699384,FB_iOS_Purchase_Rap_251203,42,,0.857609,"[{'action_type': 'outbound_click', 'value': '0.857609'}]",0.857609,3.586364,0.349115,,0.059145,0.059145,7.89,,0.064042,0.939286,26.565657,29.287305,2.828283,2025-12-03,2025-12-03,1.10245,female,1485,3.097643,46,"[{'action_type': 'outbound_click', 'value': '46'}]","[{'action_type': 'outbound_click', 'value': '3.097643'}]",1347,39.45,98,5,94,561,332,243
,2,,,6,1,1,2,,,,,,96,,96,,,,90,,6920994403584,03_blackbodysuit_Big energy - Copy,6920991773384,F_Purhcase_Rap_BigEnergy_251203,6920965699384,FB_iOS_Purchase_Rap_251203,6,,1.321667,"[{'action_type': 'outbound_click', 'value': '1.321667'}]",1.321667,7.93,3.965,,0.082604,0.082604,,,0.088111,1.321667,27.824561,30.617761,2.105263,2025-12-03,2025-12-03,1.100386,male,285,2.105263,6,"[{'action_type': 'outbound_click', 'value': '6'}]","[{'action_type': 'outbound_click', 'value': '2.105263'}]",259,7.93,16,3,16,80,34,26
,,,,,,,,,,,,,6,,6,,,,6,,6920994403584,03_blackbodysuit_Big energy - Copy,6920991773384,F_Purhcase_Rap_BigEnergy_251203,6920965699384,FB_iOS_Purchase_Rap_251203,0,,,,,,,,0.093333,0.093333,,,0.093333,,35,37.333333,0,2025-12-03,2025-12-03,1.066667,unknown,16,,,,,15,0.56,1,3,1,5,2,1
,,,,,,,,,,,,,,,,,,,,,6920994403784,11_yellow dress_Big energy - Copy,6920991773384,F_Purhcase_Rap_BigEnergy_251203,6920965699384,FB_iOS_Purchase_Rap_251203,0,,,,,,,,,,,,,,20,20,0,2025-12-03,2025-12-03,1,female,1,,,,,1,0.02,,1,,,,
,,,,,,,,,,,,,,,,,,,,,6920994403984,08_Red dress_Big energy - Copy,6920991773384,F_Purhcase_Rap_BigEnergy_251203,6920965699384,FB_iOS_Purchase_Rap_251203,0,,,,,,,,,,,,,,20,20,0,2025-12-03,2025-12-03,1,female,1,,,,,1,0.02,,1,,,,
,,,,,,,,,,,,,,,,,,,,,6920994403984,08_Red dress_Big energy - Copy,6920991773384,F_Purhcase_Rap_BigEnergy_251203,6920965699384,FB_iOS_Purchase_Rap_251203,0,,,,,,,,,,,,,,0,0,0,2025-12-03,2025-12-03,1,male,1,,,,,1,0,,,,,,
,,,,,,,,,,,,,3,,3,,,,3,,6920994404184,04_fbg_Big energy - Copy,6920991773384,F_Purhcase_Rap_BigEnergy_251203,6920965699384,FB_iOS_Purchase_Rap_251203,0,,,,,,,,0.156667,0.156667,,,0.156667,,26.111111,27.647059,0,2025-12-03,2025-12-03,1.058824,female,18,,,,,17,0.47,1,4,1,3,1,1
,,,,,,,,,,,,,6,,6,,,,6,,6920994404184,04_fbg_Big energy - Copy,6920991773384,F_Purhcase_Rap_BigEnergy_251203,6920965699384,FB_iOS_Purchase_Rap_251203,0,,,,,,,,0.113333,0.113333,,,0.113333,,29.565217,32.380952,0,2025-12-03,2025-12-03,1.095238,male,23,,,,,21,0.68,1,3,1,5,3,1
,,,,4,,,,,,,,,54,,54,,,,50,,6920994404384,05_greendress_Big energy - Copy,6920991773384,F_Purhcase_Rap_BigEnergy_251203,6920965699384,FB_iOS_Purchase_Rap_251203,4,,0.755,"[{'action_type': 'outbound_click', 'value': '0.755'}]",0.755,,,,0.055926,0.055926,,,0.0604,0.755,24.354839,27.962963,3.225806,2025-12-03,2025-12-03,1.148148,female,124,3.225806,4,"[{'action_type': 'outbound_click', 'value': '4'}]","[{'action_type': 'outbound_click', 'value': '3.225806'}]",108,3.02,7,5,7,44,20,13
,,,,1,,,,,,,,,12,,12,,,,11,,6920994404384,05_greendress_Big energy - Copy,6920991773384,F_Purhcase_Rap_BigEnergy_251203,6920965699384,FB_iOS_Purchase_Rap_251203,1,,0.8,"[{'action_type': 'outbound_click', 'value': '0.8'}]",0.8,,,,0.066667,0.066667,,,0.072727,0.8,21.052632,22.857143,2.631579,2025-12-03,2025-12-03,1.085714,male,38,2.631579,1,"[{'action_type': 'outbound_click', 'value': '1'}]","[{'action_type': 'outbound_click', 'value': '2.631579'}]",35,0.8,2,4,2,11,4,3
,,,,,,,,,,,,,,,,,,,,,6920994404584,02_blackNew_Big energy - Copy,6920991773384,F_Purhcase_Rap_BigEnergy_251203,6920965699384,FB_iOS_Purchase_Rap_251203,0,,,,,,,,,,,,,,30,30,0,2025-12-03,2025-12-03,1,male,1,,,,,1,0.03,,2,,,,
,,,,,,,,,,,,,1,,1,,,,1,,6920995424984,01_Eddie_Nuthin But A G Thang - Copy,6920991984384,F_Purhcase_Rap_GThang_251203,6920965699384,FB_iOS_Purchase_Rap_251203,0,,,,,,,,0,0,,,0,,0,0,0,2025-12-03,2025-12-03,1,female,2,,,,,2,0,,4,,1,,
,,,,,,,,,,,,,5,,5,,,,5,,6920995424984,01_Eddie_Nuthin But A G Thang - Copy,6920991984384,F_Purhcase_Rap_GThang_251203,6920965699384,FB_iOS_Purchase_Rap_251203,0,,,,,,,,0.084,0.084,,,0.084,,28,32.307692,0,2025-12-03,2025-12-03,1.153846,male,15,,,,,13,0.42,,3,,5,2,1
,,,,,,,,,,,,,23,1,23,1,,,22,,6920995425184,06_WillS_Nuthin But A G Thang - Copy,6920991984384,F_Purhcase_Rap_GThang_251203,6920965699384,FB_iOS_Purchase_Rap_251203,0,,,,,,,,0.028261,0.028261,0.65,,0.029545,,20.3125,20.3125,0,2025-12-03,2025-12-03,1,female,32,,,,,32,0.65,4,10,4,20,11,7
,,,,4,,,,,,,,,178,,178,1,1,,173,,6920995425184,06_WillS_Nuthin But A G Thang - Copy,6920991984384,F_Purhcase_Rap_GThang_251203,6920965699384,FB_iOS_Purchase_Rap_251203,5,,2.26,"[{'action_type': 'outbound_click', 'value': '2.26'}]",2.26,,,,0.050787,0.050787,9.04,,0.052254,1.808,21.88862,23.480519,1.210654,2025-12-03,2025-12-03,1.072727,male,413,0.968523,4,"[{'action_type': 'outbound_click', 'value': '4'}]","[{'action_type': 'outbound_click', 'value': '0.968523'}]",385,9.04,19,5,19,152,82,53
,,,,,,,,,,,,,1,,1,,,,1,,6920995425184,06_WillS_Nuthin But A G Thang - Copy,6920991984384,F_Purhcase_Rap_GThang_251203,6920965699384,FB_iOS_Purchase_Rap_251203,0,,,,,,,,0.02,0.02,,,0.02,,20,20,0,2025-12-03,2025-12-03,1,unknown,1,,,,,1,0.02,,9,,1,1,
,,,,,,,,,,,,,1,,1,,,,1,,6920995425384,02_jesus_Nuthin But A G Thang - Copy,6920991984384,F_Purhcase_Rap_GThang_251203,6920965699384,FB_iOS_Purchase_Rap_251203,0,,,,,,,,0.01,0.01,,,0.01,,3.333333,3.333333,0,2025-12-03,2025-12-03,1,female,3,,,,,3,0.01,,3,,1,1,
,2,,,,1,1,2,,,,,,8,,8,,,,8,,6920995425384,02_jesus_Nuthin But A G Thang - Copy,6920991984384,F_Purhcase_Rap_GThang_251203,6920965699384,FB_iOS_Purchase_Rap_251203,1,,,,,0.73,0.365,,0.09125,0.09125,,,0.09125,0.73,22.8125,22.8125,3.125,2025-12-03,2025-12-03,1,male,32,,,,,32,0.73,,2,,5,2,1
,,,,,,,,,,,,,1,,1,,,,1,,6920995425384,02_jesus_Nuthin But A G Thang - Copy,6920991984384,F_Purhcase_Rap_GThang_251203,6920965699384,FB_iOS_Purchase_Rap_251203,0,,,,,,,,0.01,0.01,,,0.01,,10,10,0,2025-12-03,2025-12-03,1,unknown,1,,,,,1,0.01,,6,,1,,
,,,,1,,,,,,,,,44,,44,5,5,,38,,6920995425584,04_MorganF_Nuthin But A G Thang - Copy,6920991984384,F_Purhcase_Rap_GThang_251203,6920965699384,FB_iOS_Purchase_Rap_251203,1,,2.03,"[{'action_type': 'outbound_click', 'value': '2.03'}]",2.03,,,,0.046136,0.046136,0.406,,0.053421,2.03,21.145833,22.307692,1.041667,2025-12-03,2025-12-03,1.054945,female,96,1.041667,1,"[{'action_type': 'outbound_click', 'value': '1'}]","[{'action_type': 'outbound_click', 'value': '1.041667'}]",91,2.03,2,4,2,33,11,6
,130,1,3,63,13,13,130,,,2,2,,1133,3,1133,25,17,,1045,,6920995425584,04_MorganF_Nuthin But A G Thang - Copy,6920991984384,F_Purhcase_Rap_GThang_251203,6920965699384,FB_iOS_Purchase_Rap_251203,69,,0.918571,"[{'action_type': 'outbound_click', 'value': '0.918571'}]",0.918571,4.451538,0.445154,,0.051077,0.051077,2.3148,,0.055378,0.838696,23.775678,26.866295,2.83484,2025-12-03,2025-12-03,1.129991,male,2434,2.588332,63,"[{'action_type': 'outbound_click', 'value': '63'}]","[{'action_type': 'outbound_click', 'value': '2.588332'}]",2154,57.87,133,5,129,939,494,282
,,,,,,,,,,,,,8,,8,1,1,,7,,6920995425584,04_MorganF_Nuthin But A G Thang - Copy,6920991984384,F_Purhcase_Rap_GThang_251203,6920965699384,FB_iOS_Purchase_Rap_251203,0,,,,,,,,0.06125,0.06125,0.49,,0.07,,27.222222,28.823529,0,2025-12-03,2025-12-03,1.058824,unknown,18,,,,,17,0.49,1,5,1,5,3,1
,,,,,,,,,,,,,1,,1,,,,1,,6920995425784,03_Mike T_Nuthin But A G Thang - Copy,6920991984384,F_Purhcase_Rap_GThang_251203,6920965699384,FB_iOS_Purchase_Rap_251203,0,,,,,,,,0.02,0.02,,,0.02,,6.666667,6.666667,0,2025-12-03,2025-12-03,1,male,3,,,,,3,0.02,,5,,1,1,
,,,,,,,,,,,,,2,,2,,,,2,,6920995425984,05_Snoop_Nuthin But A G Thang - Copy,6920991984384,F_Purhcase_Rap_GThang_251203,6920965699384,FB_iOS_Purchase_Rap_251203,0,,,,,,,,0.155,0.155,,,0.155,,34.444444,34.444444,0,2025-12-03,2025-12-03,1,female,9,,,,,9,0.31,,3,,2,,
,1,,,1,2,2,1,,,,,,26,,26,1,1,,24,,6920995425984,05_Snoop_Nuthin But A G Thang - Copy,6920991984384,F_Purhcase_Rap_GThang_251203,6920965699384,FB_iOS_Purchase_Rap_251203,1,,1.7,"[{'action_type': 'outbound_click', 'value': '1.7'}]",1.7,0.85,1.7,,0.065385,0.065385,1.7,,0.070833,1.7,23.943662,26.5625,1.408451,2025-12-03,2025-12-03,1.109375,male,71,1.408451,1,"[{'action_type': 'outbound_click', 'value': '1'}]","[{'action_type': 'outbound_click', 'value': '1.408451'}]",64,1.7,5,5,5,22,18,8
,,,,1,,,,,,,,,21,,21,1,1,,19,,6920996505584,01_black4_Wap 2 - Copy,6920965699184,F_Purhcase_Rap_WAP2_251203,6920965699384,FB_iOS_Purchase_Rap_251203,1,,1.63,"[{'action_type': 'outbound_click', 'value': '1.63'}]",1.63,,,,0.077619,0.077619,1.63,,0.085789,1.63,38.809524,39.756098,2.380952,2025-12-03,2025-12-03,1.02439,female,42,2.380952,1,"[{'action_type': 'outbound_click', 'value': '1'}]","[{'action_type': 'outbound_click', 'value': '2.380952'}]",41,1.63,3,5,3,19,11,7
,,,,,,,,,,,,,7,,7,,,,7,,6920996505584,01_black4_Wap 2 - Copy,6920965699184,F_Purhcase_Rap_WAP2_251203,6920965699384,FB_iOS_Purchase_Rap_251203,0,,,,,,,,0.27,0.27,,,0.27,,59.0625,60.967742,0,2025-12-03,2025-12-03,1.032258,male,32,,,,,31,1.89,1,3,1,6,2,2
,,,,,,,,,,1,1,,13,,13,2,1,,11,,6920996505784,09_red lipstick_Wap 2 - Copy,6920965699184,F_Purhcase_Rap_WAP2_251203,6920965699384,FB_iOS_Purchase_Rap_251203,1,,,,,,,,0.106923,0.106923,0.695,,0.126364,1.39,32.325581,33.095238,2.325581,2025-12-03,2025-12-03,1.02381,female,43,,,,,42,1.39,2,2,2,9,4,3
,,,,,,,,,,,,,2,,2,,,,2,,6920996505784,09_red lipstick_Wap 2 - Copy,6920965699184,F_Purhcase_Rap_WAP2_251203,6920965699384,FB_iOS_Purchase_Rap_251203,0,,,,,,,,0.23,0.23,,,0.23,,32.857143,35.384615,0,2025-12-03,2025-12-03,1.076923,male,14,,,,,13,0.46,,2,,1,1,
,1,,,1,,,1,,,,,,22,,22,,,,21,,6920996505984,04_fbg_Wap 2 - Copy,6920965699184,F_Purhcase_Rap_WAP2_251203,6920965699384,FB_iOS_Purchase_Rap_251203,1,,1.21,"[{'action_type': 'outbound_click', 'value': '1.21'}]",1.21,,1.21,,0.055,0.055,,,0.057619,1.21,24.693878,25.208333,2.040816,2025-12-03,2025-12-03,1.020833,female,49,2.040816,1,"[{'action_type': 'outbound_click', 'value': '1'}]","[{'action_type': 'outbound_click', 'value': '2.040816'}]",48,1.21,2,4,2,20,9,6
,,,,,,,,,,,,,11,,11,1,1,,10,,6920996505984,04_fbg_Wap 2 - Copy,6920965699184,F_Purhcase_Rap_WAP2_251203,6920965699384,FB_iOS_Purchase_Rap_251203,0,,,,,,,,0.041818,0.041818,0.46,,0.046,,20.909091,20.909091,0,2025-12-03,2025-12-03,1,male,22,,,,,22,0.46,1,5,1,8,4,2
,,,,,,,,,,,,,8,,8,,,,8,,6920996506184,03_blackbodysuit_Wap 2 - Copy,6920965699184,F_Purhcase_Rap_WAP2_251203,6920965699384,FB_iOS_Purchase_Rap_251203,0,,,,,,,,0.06875,0.06875,,,0.06875,,25,25,0,2025-12-03,2025-12-03,1,female,22,,,,,22,0.55,2,4,2,6,4,4
,,,,,,,,,,,,,15,,15,1,1,,14,,6920996506184,03_blackbodysuit_Wap 2 - Copy,6920965699184,F_Purhcase_Rap_WAP2_251203,6920965699384,FB_iOS_Purchase_Rap_251203,0,,,,,,,,0.097333,0.097333,1.46,,0.104286,,33.181818,34.761905,0,2025-12-03,2025-12-03,1.047619,male,44,,,,,42,1.46,1,3,1,13,5,1
,,,,,,,,,,,,,4,,4,,,,4,,6920996506384,06_green hair_Wap 2 - Copy,6920965699184,F_Purhcase_Rap_WAP2_251203,6920965699384,FB_iOS_Purchase_Rap_251203,0,,,,,,,,0.085,0.085,,,0.085,,28.333333,28.333333,0,2025-12-03,2025-12-03,1,female,12,,,,,12,0.34,1,5,1,3,3,3
,,,,,,,,,,,,,5,,5,,,,5,,6920996506384,06_green hair_Wap 2 - Copy,6920965699184,F_Purhcase_Rap_WAP2_251203,6920965699384,FB_iOS_Purchase_Rap_251203,0,,,,,,,,0.118,0.118,,,0.118,,36.875,36.875,0,2025-12-03,2025-12-03,1,male,16,,,,,16,0.59,,2,,4,,
,,,,1,1,1,,,,,,,45,,45,,,,44,,6920996506584,11_yellow dress_Wap 2 - Copy,6920965699184,F_Purhcase_Rap_WAP2_251203,6920965699384,FB_iOS_Purchase_Rap_251203,1,,3.12,"[{'action_type': 'outbound_click', 'value': '3.12'}]",3.12,3.12,,,0.069333,0.069333,,,0.070909,3.12,28.363636,30,0.909091,2025-12-03,2025-12-03,1.057692,female,110,0.909091,1,"[{'action_type': 'outbound_click', 'value': '1'}]","[{'action_type': 'outbound_click', 'value': '0.909091'}]",104,3.12,5,4,5,37,23,14
,2,,,1,,,2,,,,,,20,,20,,,,19,,6920996506584,11_yellow dress_Wap 2 - Copy,6920965699184,F_Purhcase_Rap_WAP2_251203,6920965699384,FB_iOS_Purchase_Rap_251203,1,,1.92,"[{'action_type': 'outbound_click', 'value': '1.92'}]",1.92,,0.96,,0.096,0.096,,,0.101053,1.92,34.909091,36.226415,1.818182,2025-12-03,2025-12-03,1.037736,male,55,1.818182,1,"[{'action_type': 'outbound_click', 'value': '1'}]","[{'action_type': 'outbound_click', 'value': '1.818182'}]",53,1.92,4,5,4,18,10,5
,,,,,,,,,,,,,1,,1,,,,1,,6920996506584,11_yellow dress_Wap 2 - Copy,6920965699184,F_Purhcase_Rap_WAP2_251203,6920965699384,FB_iOS_Purchase_Rap_251203,0,,,,,,,,0.04,0.04,,,0.04,,20,20,0,2025-12-03,2025-12-03,1,unknown,2,,,,,2,0.04,,5,,1,1,
,,,,,,,,,,,,,8,,8,,,,8,,6920996506784,10_Red pants_Wap 2 - Copy,6920965699184,F_Purhcase_Rap_WAP2_251203,6920965699384,FB_iOS_Purchase_Rap_251203,0,,,,,,,,0.0875,0.0875,,,0.0875,,35,36.842105,0,2025-12-03,2025-12-03,1.052632,female,20,,,,,19,0.7,,4,,8,6,3
,,,,,,,,,,,,,,,,,,,,,6920996506784,10_Red pants_Wap 2 - Copy,6920965699184,F_Purhcase_Rap_WAP2_251203,6920965699384,FB_iOS_Purchase_Rap_251203,0,,,,,,,,,,,,,,5,5,0,2025-12-03,2025-12-03,1,male,2,,,,,2,0.01,,2,,,,
,,,,,,,,,,,,,1,,1,,,,1,,6920996506784,10_Red pants_Wap 2 - Copy,6920965699184,F_Purhcase_Rap_WAP2_251203,6920965699384,FB_iOS_Purchase_Rap_251203,0,,,,,,,,0.01,0.01,,,0.01,,10,10,0,2025-12-03,2025-12-03,1,unknown,1,,,,,1,0.01,,10,,1,1,
,84,,1,20,4,4,84,,,1,1,,595,,595,13,11,,562,,6920996506984,02_blackNew_Wap 2 - Copy,6920965699184,F_Purhcase_Rap_WAP2_251203,6920965699384,FB_iOS_Purchase_Rap_251203,21,,2.288,"[{'action_type': 'outbound_click', 'value': '2.288'}]",2.288,11.44,0.544762,,0.076908,0.076908,3.52,,0.081423,2.179048,29.333333,31.171662,1.346154,2025-12-03,2025-12-03,1.06267,female,1560,1.282051,20,"[{'action_type': 'outbound_click', 'value': '20'}]","[{'action_type': 'outbound_click', 'value': '1.282051'}]",1468,45.76,77,4,77,501,252,179
1,25,,,6,3,3,25,1,1,,,1,133,,133,2,2,1,125,1,6920996506984,02_blackNew_Wap 2 - Copy,6920965699184,F_Purhcase_Rap_WAP2_251203,6920965699384,FB_iOS_Purchase_Rap_251203,6,"[{'action_type': 'subscribe_mobile_app', 'value': '10.74'}, {'action_type': 'subscribe_total', 'value': '10.74'}]",1.79,"[{'action_type': 'outbound_click', 'value': '1.79'}]",1.79,3.58,0.4296,10.74,0.080752,0.080752,5.37,10.74,0.08592,1.79,27.823834,29.344262,1.554404,2025-12-03,2025-12-03,1.054645,male,386,1.554404,6,"[{'action_type': 'outbound_click', 'value': '6'}]","[{'action_type': 'outbound_click', 'value': '1.554404'}]",366,10.74,19,3,19,111,56,36
,,,,,,,,,,,,,6,,6,,,,6,,6920996506984,02_blackNew_Wap 2 - Copy,6920965699184,F_Purhcase_Rap_WAP2_251203,6920965699384,FB_iOS_Purchase_Rap_251203,0,,,,,,,,0.095,0.095,,,0.095,,38,40.714286,0,2025-12-03,2025-12-03,1.071429,unknown,15,,,,,14,0.57,2,7,2,6,5,4
,,,,1,,,,,,,,,11,,11,1,1,,9,,6920996507184,08_Red dress_Wap 2 - Copy,6920965699184,F_Purhcase_Rap_WAP2_251203,6920965699384,FB_iOS_Purchase_Rap_251203,1,,1.08,"[{'action_type': 'outbound_click', 'value': '1.08'}]",1.08,,,,0.098182,0.098182,1.08,,0.12,1.08,37.241379,37.241379,3.448276,2025-12-03,2025-12-03,1,female,29,3.448276,1,"[{'action_type': 'outbound_click', 'value': '1'}]","[{'action_type': 'outbound_click', 'value': '3.448276'}]",29,1.08,2,6,2,9,6,5
,,,,,,,,,,,,,7,,7,,,,7,,6920996507184,08_Red dress_Wap 2 - Copy,6920965699184,F_Purhcase_Rap_WAP2_251203,6920965699384,FB_iOS_Purchase_Rap_251203,0,,,,,,,,0.128571,0.128571,,,0.128571,,29.032258,30,0,2025-12-03,2025-12-03,1.033333,male,31,,,,,30,0.9,,2,,7,2,2
,,,,,,,,,,,,,1,,1,,,,1,,6920996507184,08_Red dress_Wap 2 - Copy,6920965699184,F_Purhcase_Rap_WAP2_251203,6920965699384,FB_iOS_Purchase_Rap_251203,0,,,,,,,,0.02,0.02,,,0.02,,20,20,0,2025-12-03,2025-12-03,1,unknown,1,,,,,1,0.02,,3,,,,
,,,,,,,,,,,,,5,,5,,,,5,,6920996507384,07_nose ring_Wap 2 - Copy,6920965699184,F_Purhcase_Rap_WAP2_251203,6920965699384,FB_iOS_Purchase_Rap_251203,0,,,,,,,,0.074,0.074,,,0.074,,20.555556,20.555556,0,2025-12-03,2025-12-03,1,female,18,,,,,18,0.37,,3,,5,3,1
,,,,,,,,,,,,,1,,1,,,,1,,6920996507384,07_nose ring_Wap 2 - Copy,6920965699184,F_Purhcase_Rap_WAP2_251203,6920965699384,FB_iOS_Purchase_Rap_251203,0,,,,,,,,0.15,0.15,,,0.15,,30,30,0,2025-12-03,2025-12-03,1,male,5,,,,,5,0.15,,2,,1,,
,,,,,,,,,,,,,13,,13,,,,13,,6920996507584,05_greendress_Wap 2 - Copy,6920965699184,F_Purhcase_Rap_WAP2_251203,6920965699384,FB_iOS_Purchase_Rap_251203,0,,,,,,,,0.073846,0.073846,,,0.073846,,40,40,0,2025-12-03,2025-12-03,1,female,24,,,,,24,0.96,,5,,12,6,3
,,,,1,,,,,,,,,6,,6,,,,5,,6920996507584,05_greendress_Wap 2 - Copy,6920965699184,F_Purhcase_Rap_WAP2_251203,6920965699384,FB_iOS_Purchase_Rap_251203,1,,0.19,"[{'action_type': 'outbound_click', 'value': '0.19'}]",0.19,,,,0.031667,0.031667,,,0.038,0.19,17.272727,17.272727,9.090909,2025-12-03,2025-12-03,1,male,11,9.090909,1,"[{'action_type': 'outbound_click', 'value': '1'}]","[{'action_type': 'outbound_click', 'value': '9.090909'}]",11,0.19,,4,,3,2,2
,,,,,,,,,,,,,5,,5,,,,5,,6920999335984,11_yellow dress_Wap 1 - Copy,6920998203984,F_Purhcase_Rap_WAP1_251203,6920965699384,FB_iOS_Purchase_Rap_251203,0,,,,,,,,0.132,0.132,,,0.132,,34.736842,38.823529,0,2025-12-03,2025-12-03,1.117647,female,19,,,,,17,0.66,2,5,2,4,3,3
,,,,,,,,,,,,,3,,3,,,,3,,6920999335984,11_yellow dress_Wap 1 - Copy,6920998203984,F_Purhcase_Rap_WAP1_251203,6920965699384,FB_iOS_Purchase_Rap_251203,0,,,,,,,,0.043333,0.043333,,,0.043333,,16.25,16.25,0,2025-12-03,2025-12-03,1,male,8,,,,,8,0.13,1,4,1,3,1,1
,,,,,,,,,,,,,7,,7,,,,7,,6920999336184,07_nose ring_Wap 1 - Copy,6920998203984,F_Purhcase_Rap_WAP1_251203,6920965699384,FB_iOS_Purchase_Rap_251203,0,,,,,,,,0.057143,0.057143,,,0.057143,,28.571429,28.571429,0,2025-12-03,2025-12-03,1,female,14,,,,,14,0.4,,4,,7,3,2
,,,,,,,,,,,,,7,,7,,,,7,,6920999336184,07_nose ring_Wap 1 - Copy,6920998203984,F_Purhcase_Rap_WAP1_251203,6920965699384,FB_iOS_Purchase_Rap_251203,0,,,,,,,,0.051429,0.051429,,,0.051429,,17.142857,17.142857,0,2025-12-03,2025-12-03,1,male,21,,,,,21,0.36,2,5,2,5,3,2
,,,,,,,,,,,,,,,,,,,,,6920999336184,07_nose ring_Wap 1 - Copy,6920998203984,F_Purhcase_Rap_WAP1_251203,6920965699384,FB_iOS_Purchase_Rap_251203,0,,,,,,,,,,,,,,0,0,0,2025-12-03,2025-12-03,1,unknown,1,,,,,1,0,,,,,,
,,,,3,,,,,,,,,119,,119,1,1,,115,,6920999336384,08_Red dress_Wap 1 - Copy,6920998203984,F_Purhcase_Rap_WAP1_251203,6920965699384,FB_iOS_Purchase_Rap_251203,3,,2.393333,"[{'action_type': 'outbound_click', 'value': '2.393333'}]",2.393333,,,,0.060336,0.060336,7.18,,0.062435,2.393333,25.104895,26.791045,1.048951,2025-12-03,2025-12-03,1.067164,female,286,1.048951,3,"[{'action_type': 'outbound_click', 'value': '3'}]","[{'action_type': 'outbound_click', 'value': '1.048951'}]",268,7.18,11,4,10,100,59,42
,,,,,,,,,,,,,33,,33,,,,33,,6920999336384,08_Red dress_Wap 1 - Copy,6920998203984,F_Purhcase_Rap_WAP1_251203,6920965699384,FB_iOS_Purchase_Rap_251203,1,,,,,,,,0.068182,0.068182,,,0.068182,2.25,23.195876,24.725275,1.030928,2025-12-03,2025-12-03,1.065934,male,97,,,,,91,2.25,1,4,1,27,8,5
,,,,,,,,,,,,,,,,,,,,,6920999336384,08_Red dress_Wap 1 - Copy,6920998203984,F_Purhcase_Rap_WAP1_251203,6920965699384,FB_iOS_Purchase_Rap_251203,0,,,,,,,,,,,,,,10,20,0,2025-12-03,2025-12-03,2,unknown,2,,,,,1,0.02,,0,,,,
,,,,,,,,,,,,,7,,7,,,,7,,6920999336584,09_red lipstick_Wap 1 - Copy,6920998203984,F_Purhcase_Rap_WAP1_251203,6920965699384,FB_iOS_Purchase_Rap_251203,0,,,,,,,,0.058571,0.058571,,,0.058571,,24.117647,24.117647,0,2025-12-03,2025-12-03,1,female,17,,,,,17,0.41,2,5,3,6,3,2
,,,,,,,,,,,,,10,,10,,,,10,,6920999336584,09_red lipstick_Wap 1 - Copy,6920998203984,F_Purhcase_Rap_WAP1_251203,6920965699384,FB_iOS_Purchase_Rap_251203,0,,,,,,,,0.039,0.039,,,0.039,,18.571429,20.526316,0,2025-12-03,2025-12-03,1.105263,male,21,,,,,19,0.39,3,10,3,9,7,5
,,,,,,,,,,,,,1,,1,,,,1,,6920999336584,09_red lipstick_Wap 1 - Copy,6920998203984,F_Purhcase_Rap_WAP1_251203,6920965699384,FB_iOS_Purchase_Rap_251203,0,,,,,,,,0.01,0.01,,,0.01,,10,10,0,2025-12-03,2025-12-03,1,unknown,1,,,,,1,0.01,,8,,1,1,
,,,,,,,,,,,,,2,,2,,,,2,,6920999336784,05_greendress_Wap 1 - Copy,6920998203984,F_Purhcase_Rap_WAP1_251203,6920965699384,FB_iOS_Purchase_Rap_251203,0,,,,,,,,0.055,0.055,,,0.055,,55,55,0,2025-12-03,2025-12-03,1,female,2,,,,,2,0.11,,5,,2,,
,,,,,,,,,,,,,,,,,,,,,6920999336984,03_blackbodysuit_Wap 1 - Copy,6920998203984,F_Purhcase_Rap_WAP1_251203,6920965699384,FB_iOS_Purchase_Rap_251203,0,,,,,,,,,,,,,,10,10,0,2025-12-03,2025-12-03,1,female,1,,,,,1,0.01,,1,,,,
,,,,,,,,,,,,,1,,1,,,,1,,6920999336984,03_blackbodysuit_Wap 1 - Copy,6920998203984,F_Purhcase_Rap_WAP1_251203,6920965699384,FB_iOS_Purchase_Rap_251203,0,,,,,,,,0.21,0.21,,,0.21,,70,70,0,2025-12-03,2025-12-03,1,male,3,,,,,3,0.21,,3,,1,,
,20,,,8,2,2,20,,,,,,144,,144,5,5,,131,,6920999337184,02_blackNew_Wap 1 - Copy,6920998203984,F_Purhcase_Rap_WAP1_251203,6920965699384,FB_iOS_Purchase_Rap_251203,9,,0.9125,"[{'action_type': 'outbound_click', 'value': '0.9125'}]",0.9125,3.65,0.365,,0.050694,0.050694,1.46,,0.055725,0.811111,28.185328,29.317269,3.474903,2025-12-03,2025-12-03,1.040161,female,259,3.088803,8,"[{'action_type': 'outbound_click', 'value': '8'}]","[{'action_type': 'outbound_click', 'value': '3.088803'}]",249,7.3,15,5,15,117,74,48
,2,,,1,,,2,,,,,,43,,43,,,,42,,6920999337184,02_blackNew_Wap 1 - Copy,6920998203984,F_Purhcase_Rap_WAP1_251203,6920965699384,FB_iOS_Purchase_Rap_251203,2,,2.19,"[{'action_type': 'outbound_click', 'value': '2.19'}]",2.19,,1.095,,0.05093,0.05093,,,0.052143,1.095,24.886364,24.886364,2.272727,2025-12-03,2025-12-03,1,male,88,1.136364,1,"[{'action_type': 'outbound_click', 'value': '1'}]","[{'action_type': 'outbound_click', 'value': '1.136364'}]",88,2.19,1,5,1,40,24,14
,,,,,,,,,,,,,4,,4,,,,4,,6920999337184,02_blackNew_Wap 1 - Copy,6920998203984,F_Purhcase_Rap_WAP1_251203,6920965699384,FB_iOS_Purchase_Rap_251203,0,,,,,,,,0.06,0.06,,,0.06,,34.285714,40,0,2025-12-03,2025-12-03,1.166667,unknown,7,,,,,6,0.24,,3,,3,,
,,,,,,,,,,,,,9,,9,,,,9,,6920999337384,10_Red pants_Wap 1 - Copy,6920998203984,F_Purhcase_Rap_WAP1_251203,6920965699384,FB_iOS_Purchase_Rap_251203,0,,,,,,,,0.046667,0.046667,,,0.046667,,22.105263,22.105263,0,2025-12-03,2025-12-03,1,female,19,,,,,19,0.42,,4,,8,6,4
,,,,,,,,,,,,,5,,5,,,,5,,6920999337384,10_Red pants_Wap 1 - Copy,6920998203984,F_Purhcase_Rap_WAP1_251203,6920965699384,FB_iOS_Purchase_Rap_251203,0,,,,,,,,0.03,0.03,,,0.03,,18.75,18.75,0,2025-12-03,2025-12-03,1,male,8,,,,,8,0.15,1,8,1,5,4,3
,,,,,,,,,,,,,,,,,,,,,6920999337584,01_black4_Wap 1 - Copy,6920998203984,F_Purhcase_Rap_WAP1_251203,6920965699384,FB_iOS_Purchase_Rap_251203,0,,,,,,,,,,,,,,20,20,0,2025-12-03,2025-12-03,1,female,2,,,,,2,0.04,,1,,,,
,,,,,,,,,,,,,3,,3,,,,3,,6920999337584,01_black4_Wap 1 - Copy,6920998203984,F_Purhcase_Rap_WAP1_251203,6920965699384,FB_iOS_Purchase_Rap_251203,0,,,,,,,,0.036667,0.036667,,,0.036667,,11,11,0,2025-12-03,2025-12-03,1,male,10,,,,,10,0.11,1,5,1,3,3,2
,,,,,,,,,,,,,,,,,,,,,6920999337784,06_green hair_Wap 1 - Copy,6920998203984,F_Purhcase_Rap_WAP1_251203,6920965699384,FB_iOS_Purchase_Rap_251203,0,,,,,,,,,,,,,,0,0,0,2025-12-03,2025-12-03,1,female,1,,,,,1,0,,,,,,
,,,,,,,,,,,,,,,,,,,,,6920999337784,06_green hair_Wap 1 - Copy,6920998203984,F_Purhcase_Rap_WAP1_251203,6920965699384,FB_iOS_Purchase_Rap_251203,0,,,,,,,,,,,,,,10,10,0,2025-12-03,2025-12-03,1,male,2,,,,,2,0.02,,1,,,,
1,49,,,28,6,6,49,1,1,,,1,631,1,631,14,13,1,589,1,6920999337984,04_fbg_Wap 1 - Copy,6920998203984,F_Purhcase_Rap_WAP1_251203,6920965699384,FB_iOS_Purchase_Rap_251203,27,,1.41,"[{'action_type': 'outbound_click', 'value': '1.41'}]",1.41,6.58,0.805714,39.48,0.062567,0.062567,2.82,39.48,0.067029,1.462222,27.302905,29.093589,1.86722,2025-12-03,2025-12-03,1.065586,female,1446,1.936376,28,"[{'action_type': 'outbound_click', 'value': '28'}]","[{'action_type': 'outbound_click', 'value': '1.936376'}]",1357,39.48,50,4,47,534,275,194
,8,,,7,,,8,,,,,,140,,140,1,1,,132,,6920999337984,04_fbg_Wap 1 - Copy,6920998203984,F_Purhcase_Rap_WAP1_251203,6920965699384,FB_iOS_Purchase_Rap_251203,7,,1.112857,"[{'action_type': 'outbound_click', 'value': '1.112857'}]",1.112857,,0.97375,,0.055643,0.055643,7.79,,0.059015,1.112857,23.253731,25.457516,2.089552,2025-12-03,2025-12-03,1.094771,male,335,2.089552,7,"[{'action_type': 'outbound_click', 'value': '7'}]","[{'action_type': 'outbound_click', 'value': '2.089552'}]",306,7.79,12,4,12,113,47,34
,,,,1,,,,,,,,,9,,9,,,,8,,6920999337984,04_fbg_Wap 1 - Copy,6920998203984,F_Purhcase_Rap_WAP1_251203,6920965699384,FB_iOS_Purchase_Rap_251203,1,,0.35,"[{'action_type': 'outbound_click', 'value': '0.35'}]",0.35,,,,0.038889,0.038889,,,0.04375,0.35,23.333333,25,6.666667,2025-12-03,2025-12-03,1.071429,unknown,15,6.666667,1,"[{'action_type': 'outbound_click', 'value': '1'}]","[{'action_type': 'outbound_click', 'value': '6.666667'}]",14,0.35,1,6,1,8,6,3
